0,14413
0.004,14388
0.008,14367
0.012,14397
0.016,14401
0.02,14399
0.024,14413
0.028,14389
0.032,14391
0.036,14354
0.04,14381
0.044,14413
0.048,14351
0.052,14349
0.056,14395
0.06,14388
0.064,14309
0.068,14413
0.072,14395
0.076,14305
0.08,14381
0.084,14406
0.088,14322
0.092,14387
0.096,14379
0.1,14373
0.104,14357
0.108,14305
0.112,14422
0.116,14401
0.12,14405
0.124,14369
0.128,14440
0.132,14368
0.136,14425
0.14,14370
0.144,14405
0.148,14353
0.152,14385
0.156,14402
0.16,14389
0.164,14383
0.168,14371
0.172,14370
0.176,14414
0.18,14370
0.184,14411
0.188,14360
0.192,14372
0.196,14352
0.2,14351
0.204,14406
0.208,14361
0.212,14394
0.216,14408
0.22,14424
0.224,14338
0.228,14396
0.232,14376
0.236,14344
0.24,14398
0.244,14424
0.248,14365
0.252,14355
0.256,14371
0.26,14364
0.264,14395
0.268,14375
0.272,14439
0.276,14354
0.28,14351
0.284,14398
0.288,14376
0.292,14370
0.296,14384
0.3,14400
0.304,14383
0.308,14390
0.312,14382
0.316,14367
0.32,14369
0.324,14424
0.328,14408
0.332,14365
0.336,14405
0.34,14423
0.344,14407
0.348,14373
0.352,14445
0.356,14380
0.36,14428
0.364,14439
0.368,14433
0.372,14413
0.376,14387
0.38,14421
0.384,14384
0.388,14420
0.392,14414
0.396,14408
0.4,14406
0.404,14373
0.408,14385
0.412,14417
0.416,14421
0.42,14426
0.424,14412
0.428,14439
0.432,14433
0.436,14406
0.44,14446
0.444,14385
0.448,14401
0.452,14432
0.456,14374
0.46,14449
0.464,14425
0.468,14433
0.472,14460
0.476,14461
0.48,14432
0.484,14722
0.488,14443
0.492,14406
0.496,14455
0.5,14419
0.504,14417
0.508,14424
0.512,14412
0.516,14477
0.52,14464
0.524,14434
0.528,14458
0.532,14449
0.536,14455
0.54,14474
0.544,14490
0.548,14497
0.552,14419
0.556,14486
0.56,14478
0.564,14479
0.568,14403
0.572,14482
0.576,14468
0.58,14421
0.584,14449
0.588,14436
0.592,14426
0.596,14449
0.6,14413
0.604,14487
0.608,14431
0.612,14432
0.616,14469
0.62,14492
0.624,14495
0.628,14414
0.632,14459
0.636,14513
0.64,14491
0.644,14436
0.648,14449
0.652,14459
0.656,14496
0.66,14470
0.664,14506
0.668,14441
0.672,14446
0.676,14534
0.68,14441
0.684,14485
0.688,14482
0.692,14492
0.696,14491
0.7,14481
0.704,14492
0.708,14440
0.712,14480
0.716,14477
0.72,14439
0.724,14465
0.728,14492
0.732,14519
0.736,14495
0.74,14469
0.744,14563
0.748,14470
0.752,14506
0.756,14470
0.76,14435
0.764,14457
0.768,14493
0.772,14453
0.776,14440
0.78,14469
0.784,14459
0.788,14506
0.792,14491
0.796,14453
0.8,14468
0.804,14480
0.808,14468
0.812,14515
0.816,14464
0.82,14550
0.824,14492
0.828,14442
0.832,14477
0.836,14481
0.84,14501
0.844,14436
0.848,14502
0.852,14508
0.856,14479
0.86,14517
0.864,14562
0.868,14501
0.872,14491
0.876,14503
0.88,14501
0.884,14529
0.888,14536
0.892,14484
0.896,14478
0.9,14555
0.904,14179
0.908,14495
0.912,14494
0.916,14505
0.92,14518
0.924,14514
0.928,14534
0.932,14525
0.936,14531
0.94,14516
0.944,14576
0.948,14565
0.952,14522
0.956,14537
0.96,14475
0.964,14526
0.968,14496
0.972,14496
0.976,14514
0.98,14496
0.984,14473
0.988,14563
0.992,14469
0.996,14536
1,14538
1.004,14573
1.008,14495
1.012,14500
1.016,14520
1.02,14535
1.024,14516
1.028,14510
1.032,14532
1.036,14506
1.04,14553
1.044,14540
1.048,14523
1.052,14526
1.056,14496
1.06,14573
1.064,14564
1.068,14563
1.072,14555
1.076,14587
1.08,14537
1.084,14570
1.088,14568
1.092,14550
1.096,14517
1.1,14530
1.104,14542
1.108,14552
1.112,14526
1.116,14576
1.12,14514
1.124,14550
1.128,14494
1.132,14548
1.136,14619
1.14,14575
1.144,14550
1.148,14524
1.152,14541
1.156,14550
1.16,14547
1.164,14530
1.168,14548
1.172,14578
1.176,14563
1.18,14509
1.184,14579
1.188,14574
1.192,14553
1.196,14557
1.2,14547
1.204,14575
1.208,14588
1.212,14571
1.216,14525
1.22,14525
1.224,14583
1.228,14563
1.232,14469
1.236,14514
1.24,14582
1.244,14516
1.248,14560
1.252,14519
1.256,14565
1.26,14550
1.264,14566
1.268,14529
1.272,14553
1.276,14539
1.28,14576
1.284,14523
1.288,14541
1.292,14520
1.296,14590
1.3,14545
1.304,14532
1.308,14508
1.312,14569
1.316,14547
1.32,14563
1.324,14578
1.328,14527
1.332,14596
1.336,14560
1.34,14576
1.344,14564
1.348,14539
1.352,14590
1.356,14567
1.36,14518
1.364,14540
1.368,14550
1.372,14551
1.376,14525
1.38,14529
1.384,14564
1.388,14505
1.392,14539
1.396,14538
1.4,14532
1.404,14525
1.408,14585
1.412,14511
1.416,14532
1.42,14506
1.424,14559
1.428,14561
1.432,14548
1.436,14545
1.44,14549
1.444,14499
1.448,14514
1.452,14537
1.456,14529
1.46,14480
1.464,14490
1.468,14500
1.472,14473
1.476,14513
1.48,14539
1.484,14517
1.488,14518
1.492,14519
1.496,14548
1.5,14469
1.504,14525
1.508,14525
1.512,14452
1.516,14518
1.52,14481
1.524,14526
1.528,14448
1.532,14486
1.536,14519
1.54,14511
1.544,14500
1.548,14516
1.552,14494
1.556,14499
1.56,14478
1.564,14496
1.568,14500
1.572,14502
1.576,14499
1.58,14499
1.584,14505
1.588,14544
1.592,14531
1.596,14507
1.6,14574
1.604,14467
1.608,14466
1.612,14491
1.616,14528
1.62,14483
1.624,14545
1.628,14510
1.632,14515
1.636,14489
1.64,14533
1.644,14508
1.648,14537
1.652,14510
1.656,14516
1.66,14529
1.664,14480
1.668,14500
1.672,14501
1.676,14522
1.68,14499
1.684,14516
1.688,14494
1.692,14478
1.696,14505
1.7,14475
1.704,14549
1.708,14449
1.712,14495
1.716,14485
1.72,14503
1.724,14495
1.728,14467
1.732,14488
1.736,14532
1.74,14474
1.744,14483
1.748,14454
1.752,14520
1.756,14507
1.76,14467
1.764,14460
1.768,14495
1.772,14489
1.776,14443
1.78,14477
1.784,14490
1.788,14502
1.792,14493
1.796,14105
1.8,14411
1.804,14466
1.808,14482
1.812,14464
1.816,14447
1.82,14516
1.824,14483
1.828,14471
1.832,14496
1.836,14504
1.84,14461
1.844,14426
1.848,14474
1.852,14430
1.856,14466
1.86,14426
1.864,14429
1.868,14433
1.872,14458
1.876,14475
1.88,14460
1.884,14449
1.888,14445
1.892,14436
1.896,14469
1.9,14452
1.904,14488
1.908,14452
1.912,14452
1.916,14437
1.92,14395
1.924,14493
1.928,14453
1.932,14461
1.936,14421
1.94,14449
1.944,14432
1.948,14432
1.952,14411
1.956,14441
1.96,14386
1.964,14469
1.968,14458
1.972,14441
1.976,14410
1.98,14463
1.984,14433
1.988,14426
1.992,14425
1.996,14422
2,14427
2.004,14432
2.008,14396
2.012,14460
2.016,14385
2.02,14429
2.024,14484
2.028,14523
2.032,14426
2.036,14419
2.04,14417
2.044,14388
2.048,14444
2.052,14428
2.056,14398
2.06,14388
2.064,14442
2.068,14358
2.072,14402
2.076,14410
2.08,14405
2.084,14417
2.088,14446
2.092,14368
2.096,14413
2.1,14368
2.104,14369
2.108,14390
2.112,14415
2.116,14416
2.12,14392
2.124,14398
2.128,14451
2.132,14414
2.136,14369
2.14,14449
2.144,14440
2.148,14391
2.152,14406
2.156,14385
2.16,14344
2.164,14388
2.168,14447
2.172,14338
2.176,14397
2.18,14442
2.184,14394
2.188,14394
2.192,14367
2.196,14367
2.2,14402
2.204,14391
2.208,14360
2.212,14349
2.216,14373
2.22,14372
2.224,14459
2.228,14344
2.232,14338
2.236,14373
2.24,14412
2.244,14382
2.248,14394
2.252,14378
2.256,14360
2.26,14390
2.264,14406
2.268,14353
2.272,14390
2.276,14413
2.28,14313
2.284,14709
2.288,14377
2.292,14382
2.296,14379
2.3,14369
2.304,14345
2.308,14388
2.312,14365
2.316,14387
2.32,14387
2.324,14360
2.328,14407
2.332,14421
2.336,14405
2.34,14333
2.344,14383
2.348,14404
2.352,14407
2.356,14379
2.36,14420
2.364,14408
2.368,14402
2.372,14374
2.376,14368
2.38,14414
2.384,14405
2.388,14415
2.392,14409
2.396,14376
2.4,14364
2.404,14404
2.408,14419
2.412,14392
2.416,14423
2.42,14357
2.424,14399
2.428,14407
2.432,14370
2.436,14420
2.44,14414
2.444,14367
2.448,14348
2.452,14428
2.456,14376
2.46,14391
2.464,14416
2.468,14387
2.472,14396
2.476,14402
2.48,14397
2.484,14399
2.488,14392
2.492,14400
2.496,14440
2.5,14377
2.504,14361
2.508,14425
2.512,14402
2.516,14364
2.52,14408
2.524,14388
2.528,14379
2.532,14378
2.536,14414
2.54,14445
2.544,14429
2.548,14414
2.552,14388
2.556,14371
2.56,14408
2.564,14406
2.568,14422
2.572,14406
2.576,14438
2.58,14348
2.584,14413
2.588,14404
2.592,14395
2.596,14411
2.6,14445
2.604,14452
2.608,14388
2.612,14391
2.616,14385
2.62,14454
2.624,14410
2.628,14436
2.632,14385
2.636,14376
2.64,14446
2.644,14437
2.648,14357
2.652,14364
2.656,14391
2.66,14404
2.664,14407
2.668,14404
2.672,14407
2.676,14427
2.68,14425
2.684,14448
2.688,14387
2.692,14377
2.696,14442
2.7,14381
2.704,14373
2.708,14383
2.712,14388
2.716,14414
2.72,14433
2.724,14440
2.728,14414
2.732,14343
2.736,14386
2.74,14389
2.744,14430
2.748,14418
2.752,14454
2.756,14470
2.76,14446
2.764,14412
2.768,14411
2.772,14505
2.776,14485
2.78,14474
2.784,14395
2.788,14442
2.792,14479
2.796,14456
2.8,14481
2.804,14426
2.808,14475
2.812,14449
2.816,14404
2.82,14445
2.824,14437
2.828,14470
2.832,14482
2.836,14437
2.84,14439
2.844,14472
2.848,14473
2.852,14395
2.856,14471
2.86,14480
2.864,14454
2.868,14438
2.872,14469
2.876,14453
2.88,14466
2.884,14470
2.888,14426
2.892,14451
2.896,14468
2.9,14457
2.904,14425
2.908,14458
2.912,14426
2.916,14453
2.92,14449
2.924,14421
2.928,14452
2.932,14468
2.936,14442
2.94,14498
2.944,14488
2.948,14455
2.952,14471
2.956,14509
2.96,14502
2.964,14459
2.968,14496
2.972,14499
2.976,14453
2.98,14443
2.984,14452
2.988,14460
2.992,14487
2.996,14458
3,14494
3.004,14458
3.008,14500
3.012,14470
3.016,14482
3.02,14495
3.024,14510
3.028,14526
3.032,14536
3.036,14511
3.04,14464
3.044,14476
3.048,14532
3.052,14501
3.056,14539
3.06,14560
3.064,14535
3.068,14494
3.072,14561
3.076,14513
3.08,14559
3.084,14507
3.088,14526
3.092,14485
3.096,14533
3.1,14499
3.104,14495
3.108,14525
3.112,14494
3.116,14531
3.12,14466
3.124,14514
3.128,14558
3.132,14538
3.136,14514
3.14,14532
3.144,14488
3.148,14512
3.152,14562
3.156,14541
3.16,14494
3.164,14475
3.168,14502
3.172,14514
3.176,14476
3.18,14498
3.184,14543
3.188,14534
3.192,14558
3.196,14540
3.2,14494
3.204,14523
3.208,14476
3.212,14517
3.216,14566
3.22,14503
3.224,14517
3.228,14552
3.232,14516
3.236,14549
3.24,14489
3.244,14536
3.248,14510
3.252,14524
3.256,14516
3.26,14542
3.264,14523
3.268,14579
3.272,14554
3.276,14597
3.28,14575
3.284,14514
3.288,14522
3.292,14555
3.296,14578
3.3,14570
3.304,14551
3.308,14567
3.312,14527
3.316,14526
3.32,14511
3.324,14539
3.328,14527
3.332,14570
3.336,14528
3.34,14579
3.344,14549
3.348,14544
3.352,14506
3.356,14532
3.36,14536
3.364,14531
3.368,14524
3.372,14512
3.376,14573
3.38,14547
3.384,14535
3.388,14557
3.392,14591
3.396,14534
3.4,14530
3.404,14532
3.408,14535
3.412,14545
3.416,14560
3.42,14560
3.424,14576
3.428,14597
3.432,14500
3.436,14533
3.44,14552
3.444,14517
3.448,14560
3.452,14541
3.456,14552
3.46,14570
3.464,14548
3.468,14499
3.472,14566
3.476,14545
3.48,14495
3.484,14578
3.488,14541
3.492,14565
3.496,14564
3.5,14516
3.504,14497
3.508,14528
3.512,14512
3.516,14521
3.52,14508
3.524,14519
3.528,14556
3.532,14491
3.536,14528
3.54,14558
3.544,14550
3.548,14561
3.552,14502
3.556,14538
3.56,14566
3.564,14538
3.568,14529
3.572,14537
3.576,14543
3.58,14555
3.584,14542
3.588,14571
3.592,14577
3.596,14527
3.6,14506
3.604,14583
3.608,14548
3.612,14554
3.616,14567
3.62,14540
3.624,14529
3.628,14593
3.632,14554
3.636,14526
3.64,14546
3.644,14499
3.648,14558
3.652,14607
3.656,14571
3.66,14540
3.664,14481
3.668,14551
3.672,14600
3.676,14554
3.68,14510
3.684,14521
3.688,14530
3.692,14551
3.696,14567
3.7,14558
3.704,14539
3.708,14521
3.712,14517
3.716,14505
3.72,14483
3.724,14509
3.728,14509
3.732,14512
3.736,14517
3.74,14530
3.744,14584
3.748,14520
3.752,14535
3.756,14499
3.76,14563
3.764,14533
3.768,14549
3.772,14512
3.776,14510
3.78,14570
3.784,14507
3.788,14467
3.792,14512
3.796,14554
3.8,14533
3.804,14556
3.808,14536
3.812,14513
3.816,14535
3.82,14549
3.824,14860
3.828,14543
3.832,14521
3.836,14785
3.84,14480
3.844,14551
3.848,14489
3.852,14527
3.856,14494
3.86,14511
3.864,14478
3.868,14488
3.872,14502
3.876,14534
3.88,14560
3.884,14473
3.888,14474
3.892,14499
3.896,14521
3.9,14522
3.904,14497
3.908,14430
3.912,14497
3.916,14521
3.92,14522
3.924,14508
3.928,14470
3.932,14544
3.936,14509
3.94,14494
3.944,14497
3.948,14499
3.952,14497
3.956,14488
3.96,14464
3.964,14525
3.968,14544
3.972,14479
3.976,14494
3.98,14483
3.984,14522
3.988,14440
3.992,14495
3.996,14507
4,14473
4.004,14472
4.008,14474
4.012,14516
4.016,14519
4.02,14448
4.024,14455
4.028,14423
4.032,14488
4.036,14478
4.04,14454
4.044,14479
4.048,14481
4.052,14463
4.056,14454
4.06,14414
4.064,14479
4.068,14506
4.072,14472
4.076,14443
4.08,14497
4.084,14512
4.088,14441
4.092,14433
4.096,14476
4.1,14512
4.104,14458
4.108,14446
4.112,14398
4.116,14453
4.12,14466
4.124,14391
4.128,14490
4.132,14392
4.136,14415
4.14,14473
4.144,14461
4.148,14443
4.152,14481
4.156,14474
4.16,14421
4.164,14439
4.168,14461
4.172,14411
4.176,14842
4.18,14485
4.184,14424
4.188,14479
4.192,14486
4.196,14459
4.2,14404
4.204,14418
4.208,14419
4.212,14428
4.216,14440
4.22,14398
4.224,14496
4.228,14433
4.232,14422
4.236,14428
4.24,14436
4.244,14425
4.248,14407
4.252,14473
4.256,14428
4.26,14421
4.264,14423
4.268,14440
4.272,14423
4.276,14447
4.28,14380
4.284,14420
4.288,14435
4.292,14432
4.296,14463
4.3,14431
4.304,14413
4.308,14481
4.312,14349
4.316,14340
4.32,14463
4.324,14383
4.328,14416
4.332,14399
4.336,14413
4.34,14386
4.344,14392
4.348,14375
4.352,14406
4.356,14438
4.36,14376
4.364,14424
4.368,14398
4.372,14397
4.376,14461
4.38,14434
4.384,14376
4.388,14421
4.392,14326
4.396,14406
4.4,14426
4.404,14413
4.408,14469
4.412,14361
4.416,14452
4.42,14388
4.424,14390
4.428,14387
4.432,14403
4.436,14366
4.44,14431
4.444,14364
4.448,14365
4.452,14412
4.456,14368
4.46,14392
4.464,14414
4.468,14390
4.472,14393
4.476,14325
4.48,14428
4.484,14389
4.488,14358
4.492,14411
4.496,14383
4.5,14380
4.504,14368
4.508,14384
4.512,14366
4.516,14402
4.52,14366
4.524,14384
4.528,14406
4.532,14456
4.536,14406
4.54,14405
4.544,14368
4.548,14419
4.552,14369
4.556,14393
4.56,14394
4.564,14347
4.568,14423
4.572,14354
4.576,14431
4.58,14362
4.584,14383
4.588,14341
4.592,14409
4.596,14354
4.6,14416
4.604,14353
4.608,14381
4.612,14402
4.616,14379
4.62,14420
4.624,14390
4.628,14442
4.632,14393
4.636,14397
4.64,14343
4.644,14425
4.648,14411
4.652,14378
4.656,14405
4.66,14402
4.664,14348
4.668,14380
4.672,14386
4.676,14442
4.68,14349
4.684,14424
4.688,14402
4.692,14375
4.696,14385
4.7,14449
4.704,14350
4.708,14387
4.712,14391
4.716,14397
4.72,14386
4.724,14389
4.728,14402
4.732,14418
4.736,14337
4.74,14381
4.744,14394
4.748,14373
4.752,14389
4.756,14363
4.76,14332
4.764,14377
4.768,14387
4.772,14360
4.776,14364
4.78,14401
4.784,14393
4.788,14413
4.792,14417
4.796,14382
4.8,14375
4.804,14431
4.808,14382
4.812,14531
4.816,14416
4.82,14383
4.824,14363
4.828,14402
4.832,14421
4.836,14378
4.84,14397
4.844,14363
4.848,14365
4.852,14395
4.856,14446
4.86,14398
4.864,14361
4.868,14383
4.872,14441
4.876,14349
4.88,14365
4.884,14407
4.888,14360
4.892,14418
4.896,14365
4.9,14415
4.904,14416
4.908,14430
4.912,14435
4.916,14418
4.92,14420
4.924,14409
4.928,14408
4.932,14353
4.936,14378
4.94,14422
4.944,14413
4.948,14403
4.952,14430
4.956,14418
4.96,14392
4.964,14460
4.968,14430
4.972,14403
4.976,14764
4.98,14453
4.984,14436
4.988,14395
4.992,14437
4.996,14417
5,14427
5.004,14446
5.008,14423
5.012,14369
5.016,14432
5.02,14432
5.024,14452
5.028,14397
5.032,14490
5.036,14426
5.04,14447
5.044,14373
5.048,14408
5.052,14414
5.056,14441
5.06,14437
5.064,14467
5.068,14423
5.072,14464
5.076,14452
5.08,14425
5.084,14439
5.088,14484
5.092,14427
5.096,14447
5.1,14505
5.104,14458
5.108,14433
5.112,14452
5.116,14464
5.12,14422
5.124,14494
5.128,14458
5.132,14440
5.136,14452
5.14,14512
5.144,14699
5.148,14508
5.152,14461
5.156,14490
5.16,14468
5.164,14427
5.168,14502
5.172,14452
5.176,14509
5.18,14479
5.184,14524
5.188,14504
5.192,14436
5.196,14475
5.2,14475
5.204,14450
5.208,14462
5.212,14438
5.216,14462
5.22,14540
5.224,14498
5.228,14504
5.232,14501
5.236,14490
5.24,14463
5.244,14510
5.248,14504
5.252,14470
5.256,14497
5.26,14505
5.264,14480
5.268,14482
5.272,14461
5.276,14563
5.28,14472
5.284,14535
5.288,14472
5.292,14529
5.296,14523
5.3,14497
5.304,14456
5.308,14526
5.312,14544
5.316,14507
5.32,14476
5.324,14492
5.328,14521
5.332,14510
5.336,14465
5.34,14523
5.344,14469
5.348,14500
5.352,14518
5.356,14487
5.36,14543
5.364,14494
5.368,14543
5.372,14476
5.376,14525
5.38,14543
5.384,14486
5.388,14533
5.392,14513
5.396,14498
5.4,14524
5.404,14545
5.408,14550
5.412,14575
5.416,14525
5.42,14486
5.424,14519
5.428,14544
5.432,14543
5.436,14526
5.44,14558
5.444,14579
5.448,14515
5.452,14533
5.456,14526
5.46,14569
5.464,14568
5.468,14511
5.472,14511
5.476,14557
5.48,14506
5.484,14534
5.488,14565
5.492,14559
5.496,14552
5.5,14510
5.504,14525
5.508,14553
5.512,14526
5.516,14538
5.52,14557
5.524,14498
5.528,14529
5.532,14529
5.536,14517
5.54,14513
5.544,14525
5.548,14505
5.552,14527
5.556,14577
5.56,14506
5.564,14576
5.568,14543
5.572,14551
5.576,14549
5.58,14574
5.584,14561
5.588,14552
5.592,14524
5.596,14571
5.6,14538
5.604,14590
5.608,14531
5.612,14529
5.616,14564
5.62,14583
5.624,14563
5.628,14581
5.632,14586
5.636,14565
5.64,14557
5.644,14511
5.648,14560
5.652,14600
5.656,14512
5.66,14541
5.664,14562
5.668,14570
5.672,14563
5.676,14562
5.68,14567
5.684,14548
5.688,14569
5.692,14559
5.696,14523
5.7,14502
5.704,14600
5.708,14598
5.712,14551
5.716,14549
5.72,14615
5.724,14551
5.728,14585
5.732,14543
5.736,14524
5.74,14596
5.744,14560
5.748,14564
5.752,14568
5.756,14572
5.76,14569
5.764,14581
5.768,14566
5.772,14517
5.776,14584
5.78,14547
5.784,14586
5.788,14570
5.792,14590
5.796,14579
5.8,14577
5.804,14601
5.808,14521
5.812,14520
5.816,14570
5.82,14549
5.824,14527
5.828,14517
5.832,14560
5.836,14595
5.84,14546
5.844,14587
5.848,14535
5.852,14585
5.856,14574
5.86,14566
5.864,14621
5.868,14586
5.872,14557
5.876,14610
5.88,14585
5.884,14558
5.888,14570
5.892,14550
5.896,14566
5.9,14538
5.904,14556
5.908,14521
5.912,14547
5.916,14568
5.92,14578
5.924,14525
5.928,14559
5.932,14597
5.936,14562
5.94,14555
5.944,14576
5.948,14550
5.952,14580
5.956,14575
5.96,14512
5.964,14531
5.968,14513
5.972,14923
5.976,14604
5.98,14482
5.984,14509
5.988,14567
5.992,14540
5.996,14562
6,14567
6.004,14559
6.008,14573
6.012,14532
6.016,14540
6.02,14541
6.024,14579
6.028,14542
6.032,14505
6.036,14536
6.04,14549
6.044,14546
6.048,14548
6.052,14505
6.056,14532
6.06,14510
6.064,14499
6.068,14596
6.072,14563
6.076,14551
6.08,14496
6.084,14504
6.088,14495
6.092,14549
6.096,14494
6.1,14507
6.104,14530
6.108,14535
6.112,14543
6.116,14513
6.12,14565
6.124,14525
6.128,14499
6.132,14510
6.136,14544
6.14,14505
6.144,14562
6.148,14511
6.152,14500
6.156,14494
6.16,14545
6.164,14514
6.168,14511
6.172,14536
6.176,14564
6.18,14539
6.184,14574
6.188,14479
6.192,14503
6.196,14476
6.2,14507
6.204,14505
6.208,14458
6.212,14178
6.216,14473
6.22,14511
6.224,14429
6.228,14504
6.232,14517
6.236,14482
6.24,14535
6.244,14422
6.248,14456
6.252,14494
6.256,14473
6.26,14501
6.264,14472
6.268,14606
6.272,14485
6.276,14486
6.28,14498
6.284,14519
6.288,14461
6.292,14470
6.296,14486
6.3,14514
6.304,14531
6.308,14479
6.312,14533
6.316,14515
6.32,14537
6.324,14492
6.328,14454
6.332,14458
6.336,14494
6.34,14473
6.344,14528
6.348,14530
6.352,14509
6.356,14448
6.36,14462
6.364,14494
6.368,14487
6.372,14433
6.376,14202
6.38,14477
6.384,14482
6.388,14480
6.392,14516
6.396,14457
6.4,14477
6.404,14460
6.408,14447
6.412,14486
6.416,14487
6.42,14490
6.424,14468
6.428,14420
6.432,14479
6.436,14401
6.44,14483
6.444,14489
6.448,14463
6.452,14465
6.456,14468
6.46,14446
6.464,14468
6.468,14453
6.472,14449
6.476,14463
6.48,14469
6.484,14444
6.488,14463
6.492,14454
6.496,14475
6.5,14501
6.504,14449
6.508,14491
6.512,14394
6.516,14441
6.52,14416
6.524,14419
6.528,14472
6.532,14448
6.536,14420
6.54,14439
6.544,14417
6.548,14428
6.552,14383
6.556,14406
6.56,14438
6.564,14446
6.568,14414
6.572,14450
6.576,14467
6.58,14421
6.584,14437
6.588,14411
6.592,14439
6.596,14421
6.6,14362
6.604,14421
6.608,14386
6.612,14408
6.616,14413
6.62,14417
6.624,14401
6.628,14419
6.632,14381
6.636,14418
6.64,14435
6.644,14402
6.648,14441
6.652,14386
6.656,14403
6.66,14386
6.664,14432
6.668,14395
6.672,14391
6.676,14434
6.68,14415
6.684,14429
6.688,14376
6.692,14423
6.696,14394
6.7,14408
6.704,14412
6.708,14382
6.712,14418
6.716,14425
6.72,14440
6.724,14401
6.728,14422
6.732,14393
6.736,14470
6.74,14428
6.744,14405
6.748,14391
6.752,14447
6.756,14372
6.76,14384
6.764,14440
6.768,14332
6.772,14353
6.776,14375
6.78,14378
6.784,14380
6.788,14397
6.792,14315
6.796,14350
6.8,14399
6.804,14406
6.808,14319
6.812,14470
6.816,14382
6.82,14313
6.824,14377
6.828,14376
6.832,14402
6.836,14342
6.84,14388
6.844,14338
6.848,14391
6.852,14404
6.856,14340
6.86,14398
6.864,14421
6.868,14413
6.872,14392
6.876,14382
6.88,14364
6.884,14360
6.888,14366
6.892,14380
6.896,14338
6.9,14353
6.904,14377
6.908,14404
6.912,14322
6.916,14401
6.92,14408
6.924,14365
6.928,14387
6.932,14394
6.936,14321
6.94,14352
6.944,14394
6.948,14364
6.952,14418
6.956,14360
6.96,14384
6.964,14389
6.968,14359
6.972,14379
6.976,14372
6.98,14365
6.984,14389
6.988,14394
6.992,14337
6.996,14327
7,14328
7.004,14347
7.008,14360
7.012,14387
7.016,14379
7.02,14403
7.024,14374
7.028,14383
7.032,14385
7.036,14377
7.04,14344
7.044,14361
7.048,14353
7.052,14359
7.056,14409
7.06,14339
7.064,14365
7.068,14364
7.072,14390
7.076,14348
7.08,14424
7.084,14383
7.088,14380
7.092,14395
7.096,14368
7.1,14373
7.104,14363
7.108,14430
7.112,14394
7.116,14393
7.12,14402
7.124,14385
7.128,14421
7.132,14371
7.136,14449
7.14,14357
7.144,14374
7.148,14430
7.152,14630
7.156,14428
7.16,14406
7.164,14427
7.168,14394
7.172,14415
7.176,14434
7.18,14426
7.184,14425
7.188,14383
7.192,14393
7.196,14404
7.2,14438
7.204,14383
7.208,14396
7.212,14209
7.216,14416
7.22,14423
7.224,14431
7.228,14400
7.232,14440
7.236,14372
7.24,14434
7.244,14436
7.248,14415
7.252,14458
7.256,14426
7.26,14382
7.264,14437
7.268,14462
7.272,14392
7.276,14377
7.28,14399
7.284,14407
7.288,14398
7.292,14424
7.296,14465
7.3,14431
7.304,14467
7.308,14505
7.312,14434
7.316,14425
7.32,14456
7.324,14485
7.328,14422
7.332,14428
7.336,14482
7.34,14480
7.344,14421
7.348,14458
7.352,14438
7.356,14459
7.36,14402
7.364,14484
7.368,14462
7.372,14474
7.376,14493
7.38,14508
7.384,14471
7.388,14433
7.392,14395
7.396,14424
7.4,14445
7.404,14463
7.408,14493
7.412,14505
7.416,14479
7.42,14470
7.424,14446
7.428,14489
7.432,14466
7.436,14451
7.44,14481
7.444,14478
7.448,14467
7.452,14459
7.456,14468
7.46,14481
7.464,14461
7.468,14458
7.472,14443
7.476,14397
7.48,14446
7.484,14432
7.488,14498
7.492,14459
7.496,14467
7.5,14477
7.504,14504
7.508,14268
7.512,14486
7.516,14473
7.52,14453
7.524,14468
7.528,14470
7.532,14544
7.536,14487
7.54,14507
7.544,14463
7.548,14478
7.552,14488
7.556,14469
7.56,14509
7.564,14481
7.568,14490
7.572,14492
7.576,14476
7.58,14474
7.584,14449
7.588,14469
7.592,14505
7.596,14489
7.6,14472
7.604,14416
7.608,14558
7.612,14551
7.616,14516
7.62,14532
7.624,14514
7.628,14537
7.632,14544
7.636,14478
7.64,14513
7.644,14531
7.648,14530
7.652,14508
7.656,14532
7.66,14517
7.664,14497
7.668,14546
7.672,14486
7.676,14501
7.68,14478
7.684,14527
7.688,14521
7.692,14506
7.696,14546
7.7,14532
7.704,14515
7.708,14578
7.712,14536
7.716,14553
7.72,14488
7.724,14507
7.728,14536
7.732,14560
7.736,14542
7.74,14532
7.744,14551
7.748,14539
7.752,14526
7.756,14568
7.76,14293
7.764,14548
7.768,14563
7.772,14534
7.776,14543
7.78,14538
7.784,14509
7.788,14548
7.792,14497
7.796,14567
7.8,14574
7.804,14528
7.808,14597
7.812,14531
7.816,14517
7.82,14573
7.824,14545
7.828,14515
7.832,14621
7.836,14598
7.84,14559
7.844,14612
7.848,14590
7.852,14539
7.856,14570
7.86,14590
7.864,14539
7.868,14580
7.872,14542
7.876,14601
7.88,14605
7.884,14547
7.888,14519
7.892,14575
7.896,14566
7.9,14545
7.904,14546
7.908,14608
7.912,14554
7.916,14630
7.92,14331
7.924,14549
7.928,14539
7.932,14587
7.936,14541
7.94,14550
7.944,14597
7.948,14563
7.952,14547
7.956,14530
7.96,14564
7.964,14616
7.968,14590
7.972,14570
7.976,14605
7.98,14577
7.984,14603
7.988,14554
7.992,14626
7.996,14540
8,14534
8.004,14621
8.008,14559
8.012,14609
8.016,14572
8.02,14606
8.024,14577
8.028,14590
8.032,14503
8.036,14586
8.04,14560
8.044,14575
8.048,14577
8.052,14615
8.056,14550
8.06,14566
8.064,14587
8.068,14609
8.072,14555
8.076,14542
8.08,14603
8.084,14560
8.088,14572
8.092,14611
8.096,14572
8.1,14591
8.104,14623
8.108,14596
8.112,14528
8.116,14582
8.12,14571
8.124,14590
8.128,14594
8.132,14555
8.136,14564
8.14,14590
8.144,14581
8.148,14587
8.152,14563
8.156,14538
8.16,14520
8.164,14614
8.168,14552
8.172,14524
8.176,14622
8.18,14590
8.184,14541
8.188,14543
8.192,14619
8.196,14567
8.2,14528
8.204,14582
8.208,14581
8.212,14591
8.216,14585
8.22,14573
8.224,14565
8.228,14553
8.232,14518
8.236,14609
8.24,14513
8.244,14614
8.248,14574
8.252,14563
8.256,14528
8.26,14519
8.264,14532
8.268,14592
8.272,14547
8.276,14546
8.28,14594
8.284,14627
8.288,14553
8.292,14530
8.296,14547
8.3,14625
8.304,14598
8.308,14530
8.312,14798
8.316,14203
8.32,14562
8.324,14469
8.328,14561
8.332,14484
8.336,14553
8.34,14569
8.344,14513
8.348,14569
8.352,14530
8.356,14499
8.36,14554
8.364,14493
8.368,14522
8.372,14544
8.376,14575
8.38,14530
8.384,14511
8.388,14544
8.392,14562
8.396,14578
8.4,14484
8.404,14500
8.408,14548
8.412,14539
8.416,14525
8.42,14497
8.424,14515
8.428,14553
8.432,14556
8.436,14526
8.44,14532
8.444,14549
8.448,14494
8.452,14528
8.456,14571
8.46,14549
8.464,14554
8.468,14543
8.472,14514
8.476,14532
8.48,14518
8.484,14537
8.488,14512
8.492,14545
8.496,14556
8.5,14541
8.504,14578
8.508,14540
8.512,14546
8.516,14522
8.52,14487
8.524,14562
8.528,14473
8.532,14574
8.536,14506
8.54,14492
8.544,14504
8.548,14535
8.552,14511
8.556,14467
8.56,14531
8.564,14502
8.568,14512
8.572,14540
8.576,14496
8.58,14509
8.584,14568
8.588,14545
8.592,14519
8.596,14539
8.6,14517
8.604,14498
8.608,14491
8.612,14468
8.616,14494
8.62,14482
8.624,14529
8.628,14502
8.632,14117
8.636,14471
8.64,14428
8.644,14453
8.648,14496
8.652,14503
8.656,14519
8.66,14505
8.664,14518
8.668,14485
8.672,14502
8.676,14469
8.68,14481
8.684,14462
8.688,14476
8.692,14472
8.696,14476
8.7,14418
8.704,14442
8.708,14488
8.712,14447
8.716,14462
8.72,14452
8.724,14433
8.728,14455
8.732,14490
8.736,14491
8.74,14452
8.744,14431
8.748,14501
8.752,14446
8.756,14432
8.76,14479
8.764,14457
8.768,14453
8.772,14456
8.776,14478
8.78,14444
8.784,14466
8.788,14469
8.792,14411
8.796,14483
8.8,14451
8.804,14497
8.808,14238
8.812,14391
8.816,14437
8.82,14416
8.824,14483
8.828,14414
8.832,14444
8.836,14417
8.84,14448
8.844,14462
8.848,14436
8.852,14387
8.856,14456
8.86,14421
8.864,14468
8.868,14395
8.872,14411
8.876,14449
8.88,14442
8.884,14479
8.888,14428
8.892,14425
8.896,14491
8.9,14432
8.904,14382
8.908,14394
8.912,14422
8.916,14445
8.92,14408
8.924,14443
8.928,14413
8.932,14439
8.936,14420
8.94,14469
8.944,14426
8.948,14423
8.952,14431
8.956,14421
8.96,14385
8.964,14396
8.968,14391
8.972,14427
8.976,14434
8.98,14371
8.984,14452
8.988,14333
8.992,14428
8.996,14458
9,14381
9.004,14393
9.008,14425
9.012,14351
9.016,14391
9.02,14297
9.024,14372
9.028,14422
9.032,14369
9.036,14405
9.04,14445
9.044,14393
9.048,14439
9.052,14376
9.056,14444
9.06,14401
9.064,14382
9.068,14373
9.072,14412
9.076,14393
9.08,14418
9.084,14351
9.088,14368
9.092,14327
9.096,14390
9.1,14419
9.104,14422
9.108,14408
9.112,14408
9.116,14384
9.12,14368
9.124,14383
9.128,14359
9.132,14368
9.136,14397
9.14,14381
9.144,14397
9.148,14503
9.152,14355
9.156,14391
9.16,14399
9.164,14355
9.168,14431
9.172,14389
9.176,14375
9.18,14370
9.184,14441
9.188,14410
9.192,14374
9.196,14403
9.2,14397
9.204,14378
9.208,14305
9.212,14356
9.216,14360
9.22,14426
9.224,14376
9.228,14353
9.232,14406
9.236,14360
9.24,14357
9.244,14353
9.248,14383
9.252,14336
9.256,14413
9.26,14355
9.264,14357
9.268,14328
9.272,14323
9.276,14437
9.28,14369
9.284,14400
9.288,14382
9.292,14398
9.296,14346
9.3,14343
9.304,14325
9.308,14355
9.312,14371
9.316,14365
9.32,14399
9.324,14391
9.328,14383
9.332,14409
9.336,14344
9.34,14373
9.344,14358
9.348,14387
9.352,14409
9.356,14360
9.36,14380
9.364,14367
9.368,14389
9.372,14364
9.376,14372
9.38,14349
9.384,14353
9.388,14408
9.392,14345
9.396,14395
9.4,14397
9.404,14372
9.408,14375
9.412,14410
9.416,14386
9.42,14342
9.424,14397
9.428,14357
9.432,14439
9.436,14338
9.44,14398
9.444,14358
9.448,14376
9.452,14392
9.456,14370
9.46,14449
9.464,14395
9.468,14388
9.472,14346
9.476,14391
9.48,14391
9.484,14384
9.488,14402
9.492,14405
9.496,14386
9.5,14417
9.504,14400
9.508,14378
9.512,14382
9.516,14365
9.52,14366
9.524,14407
9.528,14395
9.532,14347
9.536,14397
9.54,14414
9.544,14443
9.548,14372
9.552,14392
9.556,14436
9.56,14440
9.564,14400
9.568,14401
9.572,14416
9.576,14391
9.58,14420
9.584,14406
9.588,14410
9.592,14396
9.596,14350
9.6,14443
9.604,14398
9.608,14492
9.612,14411
9.616,14358
9.62,14415
9.624,14448
9.628,14414
9.632,14356
9.636,14422
9.64,14486
9.644,14441
9.648,14401
9.652,14432
9.656,14410
9.66,14443
9.664,14420
9.668,14430
9.672,14454
9.676,14420
9.68,14405
9.684,14391
9.688,14414
9.692,14483
9.696,14385
9.7,14398
9.704,14417
9.708,14464
9.712,14414
9.716,14456
9.72,14401
9.724,14428
9.728,14416
9.732,14438
9.736,14484
9.74,14445
9.744,14476
9.748,14446
9.752,14448
9.756,14418
9.76,14495
9.764,14101
9.768,14450
9.772,14439
9.776,14497
9.78,14413
9.784,14472
9.788,14423
9.792,14475
9.796,14476
9.8,14382
9.804,14533
9.808,14508
9.812,14433
9.816,14494
9.82,14458
9.824,14461
9.828,14493
9.832,14482
9.836,14471
9.84,14523
9.844,14490
9.848,14491
9.852,14507
9.856,14520
9.86,14531
9.864,14529
9.868,14485
9.872,14448
9.876,14488
9.88,14512
9.884,14502
9.888,14502
9.892,14491
9.896,14482
9.9,14480
9.904,14494
9.908,14506
9.912,14483
9.916,14516
9.92,14488
9.924,14540
9.928,14469
9.932,14529
9.936,14514
9.94,14449
9.944,14488
9.948,14544
9.952,14481
9.956,14544
9.96,14491
9.964,14519
9.968,14481
9.972,14530
9.976,14518
9.98,14537
9.984,14509
9.988,14498
9.992,14552
9.996,14487
10,14567
10.004,14488
10.008,14518
10.012,14487
10.016,14548
10.02,14493
10.024,14529
10.028,14556
10.032,14504
10.036,14549
10.04,14491
10.044,14518
10.048,14521
10.052,14546
10.056,14487
10.06,14553
10.064,14518
10.068,14499
10.072,14491
10.076,14487
10.08,14516
10.084,14548
10.088,14575
10.092,14515
10.096,14519
10.1,14513
10.104,14519
10.108,14601
10.112,14660
10.116,14540
10.12,14541
10.124,14603
10.128,14592
10.132,14559
10.136,14550
10.14,14577
10.144,14527
10.148,14561
10.152,14583
10.156,14561
10.16,14551
10.164,14571
10.168,14562
10.172,14554
10.176,14553
10.18,14561
10.184,14555
10.188,14596
10.192,14562
10.196,14610
10.2,14541
10.204,14560
10.208,14601
10.212,14564
10.216,14567
10.22,14567
10.224,14590
10.228,14580
10.232,14584
10.236,14564
10.24,14567
10.244,14608
10.248,14537
10.252,14547
10.256,14554
10.26,14596
10.264,14569
10.268,14579
10.272,14584
10.276,14580
10.28,14551
10.284,14589
10.288,14587
10.292,14586
10.296,14548
10.3,14611
10.304,14612
10.308,14580
10.312,14596
10.316,14566
10.32,14554
10.324,14618
10.328,14588
10.332,14615
10.336,14574
10.34,14591
10.344,14572
10.348,14600
10.352,14581
10.356,14594
10.36,14575
10.364,14521
10.368,14618
10.372,14569
10.376,14625
10.38,14560
10.384,14581
10.388,14601
10.392,14565
10.396,14609
10.4,14573
10.404,14536
10.408,14562
10.412,14568
10.416,14528
10.42,14581
10.424,14556
10.428,14542
10.432,14539
10.436,14573
10.44,14551
10.444,14589
10.448,14550
10.452,14599
10.456,14608
10.46,14599
10.464,14587
10.468,14626
10.472,14520
10.476,14596
10.48,14518
10.484,14543
10.488,14575
10.492,14545
10.496,14536
10.5,14613
10.504,14571
10.508,14545
10.512,14550
10.516,14566
10.52,14583
10.524,14539
10.528,14595
10.532,14584
10.536,14591
10.54,14541
10.544,14562
10.548,14534
10.552,14560
10.556,14602
10.56,14566
10.564,14611
10.568,14574
10.572,14555
10.576,14552
10.58,14537
10.584,14549
10.588,14579
10.592,14581
10.596,14555
10.6,14611
10.604,14553
10.608,14561
10.612,14546
10.616,14533
10.62,14577
10.624,14595
10.628,14555
10.632,14594
10.636,14551
10.64,14505
10.644,14577
10.648,14495
10.652,14575
10.656,14586
10.66,14565
10.664,14550
10.668,14556
10.672,14585
10.676,14572
10.68,14633
10.684,14570
10.688,14557
10.692,14585
10.696,14519
10.7,14549
10.704,14594
10.708,14602
10.712,14579
10.716,14564
10.72,14558
10.724,14555
10.728,14555
10.732,14573
10.736,14560
10.74,14565
10.744,14570
10.748,14552
10.752,14539
10.756,14529
10.76,14521
10.764,14643
10.768,14570
10.772,14513
10.776,14525
10.78,14548
10.784,14540
10.788,14541
10.792,14554
10.796,14545
10.8,14528
10.804,14529
10.808,14536
10.812,14553
10.816,14527
10.82,14556
10.824,14510
10.828,14509
10.832,14519
10.836,14542
10.84,14521
10.844,14490
10.848,14507
10.852,14525
10.856,14542
10.86,14505
10.864,14479
10.868,14506
10.872,14535
10.876,14535
10.88,14528
10.884,14493
10.888,14505
10.892,14535
10.896,14505
10.9,14525
10.904,14532
10.908,14525
10.912,14511
10.916,14508
10.92,14536
10.924,14507
10.928,14501
10.932,14510
10.936,14473
10.94,14463
10.944,14489
10.948,14534
10.952,14520
10.956,14499
10.96,14514
10.964,14459
10.968,14505
10.972,14482
10.976,14507
10.98,14494
10.984,14516
10.988,14500
10.992,14488
10.996,14414
11,14492
11.004,14503
11.008,14487
11.012,14476
11.016,14518
11.02,14484
11.024,14509
11.028,14491
11.032,14504
11.036,14498
11.04,14459
11.044,14456
11.048,14467
11.052,14472
11.056,14491
11.06,14457
11.064,14453
11.068,14442
11.072,14504
11.076,14472
11.08,14452
11.084,14448
11.088,14477
11.092,14427
11.096,14450
11.1,14431
11.104,14472
11.108,14487
11.112,14440
11.116,14428
11.12,14465
11.124,14457
11.128,14448
11.132,14440
11.136,14484
11.14,14452
11.144,14420
11.148,14401
11.152,14466
11.156,14415
11.16,14346
11.164,14463
11.168,14462
11.172,14450
11.176,14462
11.18,14451
11.184,14473
11.188,14434
11.192,14447
11.196,14443
11.2,14443
11.204,14408
11.208,14493
11.212,14455
11.216,14405
11.22,14439
11.224,14452
11.228,14390
11.232,14439
11.236,14420
11.24,14450
11.244,14415
11.248,14403
11.252,14463
11.256,14419
11.26,14432
11.264,14391
11.268,14451
11.272,14416
11.276,14407
11.28,14463
11.284,14437
11.288,14404
11.292,14400
11.296,14418
11.3,14437
11.304,14431
11.308,14450
11.312,14457
11.316,14429
11.32,14451
11.324,14458
11.328,14407
11.332,14432
11.336,14669
11.34,14476
11.344,14379
11.348,14383
11.352,14432
11.356,14414
11.36,14428
11.364,14421
11.368,14420
11.372,14438
11.376,14423
11.38,14392
11.384,14377
11.388,14364
11.392,14441
11.396,14377
11.4,14374
11.404,14462
11.408,14391
11.412,14412
11.416,14439
11.42,14366
11.424,14349
11.428,14417
11.432,14416
11.436,14382
11.44,14399
11.444,14433
11.448,14386
11.452,14405
11.456,14391
11.46,14391
11.464,14370
11.468,14414
11.472,14451
11.476,14373
11.48,14373
11.484,14429
11.488,14340
11.492,14364
11.496,14411
11.5,14363
11.504,14387
11.508,14437
11.512,14395
11.516,14412
11.52,14361
11.524,14375
11.528,14389
11.532,14408
11.536,14422
11.54,14402
11.544,14410
11.548,14348
11.552,14428
11.556,14396
11.56,14361
11.564,14345
11.568,14334
11.572,14384
11.576,14369
11.58,14354
11.584,14373
11.588,14393
11.592,14332
11.596,14334
11.6,14356
11.604,14377
11.608,14422
11.612,14352
11.616,14373
11.62,14327
11.624,14427
11.628,14353
11.632,14383
11.636,14716
11.64,14399
11.644,14347
11.648,14393
11.652,14423
11.656,14430
11.66,14391
11.664,14345
11.668,14384
11.672,14390
11.676,14378
11.68,14386
11.684,14394
11.688,14377
11.692,14323
11.696,14354
11.7,14418
11.704,14352
11.708,14363
11.712,14347
11.716,14389
11.72,14363
11.724,14407
11.728,14350
11.732,14355
11.736,14381
11.74,14387
11.744,14342
11.748,14367
11.752,14356
11.756,14422
11.76,14376
11.764,14392
11.768,14350
11.772,14331
11.776,14378
11.78,14373
11.784,14342
11.788,14376
11.792,14339
11.796,14410
11.8,14442
11.804,14388
11.808,14624
11.812,14400
11.816,14407
11.82,14352
11.824,14368
11.828,14430
11.832,14399
11.836,14404
11.84,14386
11.844,14424
11.848,14411
11.852,14389
11.856,14375
11.86,14392
11.864,14399
11.868,14349
11.872,14390
11.876,14374
11.88,14431
11.884,14409
11.888,14406
11.892,14415
11.896,14409
11.9,14384
11.904,14397
11.908,14454
11.912,14429
11.916,14404
11.92,14433
11.924,14426
11.928,14386
11.932,14437
11.936,14440
11.94,14442
11.944,14388
11.948,14384
11.952,14417
11.956,14431
11.96,14421
11.964,14451
11.968,14495
11.972,14427
11.976,14431
11.98,14430
11.984,14427
11.988,14486
11.992,14422
11.996,14402
12,14427
12.004,14462
12.008,14477
12.012,14447
12.016,14465
12.02,14411
12.024,14424
12.028,14464
12.032,14459
12.036,14443
12.04,14273
12.044,14484
12.048,14455
12.052,14443
12.056,14450
12.06,14433
12.064,14434
12.068,14457
12.072,14456
12.076,14448
12.08,14468
12.084,14476
12.088,14462
12.092,14433
12.096,14463
12.1,14474
12.104,14464
12.108,14449
12.112,14493
12.116,14481
12.12,14447
12.124,14449
12.128,14433
12.132,14492
12.136,14471
12.14,14495
12.144,14490
12.148,14464
12.152,14481
12.156,14468
12.16,14492
12.164,14448
12.168,14443
12.172,14469
12.176,14520
12.18,14467
12.184,14440
12.188,14453
12.192,14497
12.196,14450
12.2,14491
12.204,14506
12.208,14508
12.212,14486
12.216,14460
12.22,14495
12.224,14492
12.228,14473
12.232,14492
12.236,14480
12.24,14501
12.244,14462
12.248,14488
12.252,14492
12.256,14519
12.26,14504
12.264,14471
12.268,14487
12.272,14501
12.276,14430
12.28,14496
12.284,14491
12.288,14579
12.292,14516
12.296,14537
12.3,14546
12.304,14493
12.308,14519
12.312,14521
12.316,14449
12.32,14517
12.324,14504
12.328,14471
12.332,14549
12.336,14540
12.34,14537
12.344,14513
12.348,14493
12.352,14513
12.356,14548
12.36,14535
12.364,14535
12.368,14526
12.372,14518
12.376,14516
12.38,14647
12.384,14647
12.388,14557
12.392,14531
12.396,14597
12.4,14593
12.404,14570
12.408,14527
12.412,14548
12.416,14571
12.42,14552
12.424,14537
12.428,14529
12.432,14532
12.436,14557
12.44,14591
12.444,14581
12.448,14597
12.452,14584
12.456,14543
12.46,14538
12.464,14491
12.468,14564
12.472,14539
12.476,14516
12.48,14530
12.484,14570
12.488,14560
12.492,14563
12.496,14546
12.5,14524
12.504,14565
12.508,14536
12.512,14566
12.516,14565
12.52,14539
12.524,14562
12.528,14522
12.532,14593
12.536,14545
12.54,14638
12.544,14631
12.548,14570
12.552,14536
12.556,14567
12.56,14523
12.564,14994
12.568,14558
12.572,14537
12.576,14579
12.58,14614
12.584,14582
12.588,14558
12.592,14558
12.596,14506
12.6,14585
12.604,14591
12.608,14584
12.612,14584
12.616,14555
12.62,14585
12.624,14624
12.628,14601
12.632,14576
12.636,14607
12.64,14570
12.644,14590
12.648,14587
12.652,14589
12.656,14618
12.66,14572
12.664,14629
12.668,14657
12.672,14605
12.676,14560
12.68,14551
12.684,14587
12.688,14553
12.692,14624
12.696,14606
12.7,14577
12.704,14605
12.708,14568
12.712,14615
12.716,14602
12.72,14607
12.724,14591
12.728,14618
12.732,14578
12.736,14601
12.74,14607
12.744,14569
12.748,14611
12.752,14550
12.756,14599
12.76,14620
12.764,14556
12.768,14566
12.772,14559
12.776,14571
12.78,14553
12.784,14612
12.788,14627
12.792,14613
12.796,14840
12.8,14569
12.804,14593
12.808,14631
12.812,14601
12.816,14754
12.82,14563
12.824,14577
12.828,14613
12.832,14561
12.836,14571
12.84,14547
12.844,14566
12.848,14565
12.852,14595
12.856,14591
12.86,14564
12.864,14577
12.868,14571
12.872,14599
12.876,14602
12.88,14556
12.884,14569
12.888,14514
12.892,14616
12.896,14551
12.9,14535
12.904,14548
12.908,14555
12.912,14602
12.916,14562
12.92,14561
12.924,14593
12.928,14563
12.932,14535
12.936,14540
12.94,14531
12.944,14521
12.948,14540
12.952,14590
12.956,14562
12.96,14554
12.964,14508
12.968,14538
12.972,14544
12.976,14583
12.98,14601
12.984,14568
12.988,14540
12.992,14579
12.996,14555
13,14572
13.004,14595
13.008,14571
13.012,14538
13.016,14557
13.02,14531
13.024,14553
13.028,14610
13.032,14563
13.036,14508
13.04,14588
13.044,14665
13.048,14586
13.052,14550
13.056,14568
13.06,14540
13.064,14558
13.068,14560
13.072,14528
13.076,14549
13.08,14539
13.084,14600
13.088,14552
13.092,14544
13.096,14556
13.1,14533
13.104,14531
13.108,14521
13.112,14544
13.116,14546
13.12,14560
13.124,14508
13.128,14539
13.132,14541
13.136,14536
13.14,14508
13.144,14563
13.148,14519
13.152,14525
13.156,14504
13.16,14540
13.164,14550
13.168,14531
13.172,14497
13.176,14505
13.18,14482
13.184,14474
13.188,14523
13.192,14548
13.196,14529
13.2,14530
13.204,14505
13.208,14514
13.212,14515
13.216,14560
13.22,14504
13.224,14514
13.228,14525
13.232,14532
13.236,14500
13.24,14539
13.244,14535
13.248,14535
13.252,14510
13.256,14511
13.26,14497
13.264,14548
13.268,14516
13.272,14477
13.276,14495
13.28,14455
13.284,14467
13.288,14466
13.292,14495
13.296,14458
13.3,14468
13.304,14438
13.308,14443
13.312,14515
13.316,14492
13.32,14515
13.324,14507
13.328,14484
13.332,14533
13.336,14480
13.34,14476
13.344,14464
13.348,14463
13.352,14531
13.356,14496
13.36,14444
13.364,14497
13.368,14509
13.372,14428
13.376,14462
13.38,14491
13.384,14477
13.388,14457
13.392,14496
13.396,14506
13.4,14447
13.404,14431
13.408,14485
13.412,14454
13.416,14454
13.42,14446
13.424,14457
13.428,14470
13.432,14452
13.436,14440
13.44,14422
13.444,14441
13.448,14451
13.452,14395
13.456,14458
13.46,14463
13.464,14428
13.468,14453
13.472,14466
13.476,14477
13.48,14460
13.484,14442
13.488,14399
13.492,14461
13.496,14453
13.5,14459
13.504,14469
13.508,14479
13.512,14444
13.516,14430
13.52,14439
13.524,14428
13.528,14479
13.532,14420
13.536,14442
13.54,14429
13.544,14440
13.548,14440
13.552,14406
13.556,14418
13.56,14435
13.564,14437
13.568,14424
13.572,14414
13.576,14429
13.58,14389
13.584,14412
13.588,14433
13.592,14440
13.596,14476
13.6,14407
13.604,14386
13.608,14397
13.612,14408
13.616,14467
13.62,14417
13.624,14399
13.628,14467
13.632,14377
13.636,14393
13.64,14412
13.644,14366
13.648,14409
13.652,14403
13.656,14363
13.66,14340
13.664,14200
13.668,14383
13.672,14386
13.676,14439
13.68,14461
13.684,14440
13.688,14414
13.692,14368
13.696,14401
13.7,14408
13.704,14437
13.708,14396
13.712,14398
13.716,14369
13.72,14377
13.724,14333
13.728,14401
13.732,14366
13.736,14384
13.74,14433
13.744,14398
13.748,14419
13.752,14361
13.756,14415
13.76,14394
13.764,14385
13.768,14413
13.772,14366
13.776,14389
13.78,14389
13.784,14408
13.788,14333
13.792,14448
13.796,14335
13.8,14352
13.804,14408
13.808,14369
13.812,14377
13.816,14373
13.82,14363
13.824,14353
13.828,14395
13.832,14380
13.836,14399
13.84,14431
13.844,14427
13.848,14392
13.852,14349
13.856,14357
13.86,14408
13.864,14381
13.868,14368
13.872,14420
13.876,14399
13.88,14325
13.884,14333
13.888,14414
13.892,14353
13.896,14369
13.9,14458
13.904,14369
13.908,14440
13.912,14434
13.916,14353
13.92,14393
13.924,14395
13.928,14360
13.932,14342
13.936,14408
13.94,14414
13.944,14379
13.948,14341
13.952,14379
13.956,14408
13.96,14358
13.964,14402
13.968,14388
13.972,14369
13.976,14416
13.98,14363
13.984,14370
13.988,14341
13.992,14380
13.996,14410
14,14379
14.004,14415
14.008,14341
14.012,14396
14.016,14363
14.02,14410
14.024,14432
14.028,14383
14.032,14351
14.036,14396
14.04,14430
14.044,14392
14.048,14422
14.052,14380
14.056,14328
14.06,14385
14.064,14371
14.068,14361
14.072,14442
14.076,14405
14.08,14328
14.084,14310
14.088,14432
14.092,14349
14.096,14394
14.1,14373
14.104,14397
14.108,14334
14.112,14412
14.116,14378
14.12,14391
14.124,14369
14.128,14370
14.132,14437
14.136,14355
14.14,14342
14.144,14374
14.148,14408
14.152,14416
14.156,14360
14.16,14164
14.164,14358
14.168,14379
14.172,14399
14.176,14410
14.18,14402
14.184,14399
14.188,14412
14.192,14385
14.196,14365
14.2,14370
14.204,14375
14.208,14417
14.212,14355
14.216,14385
14.22,14426
14.224,14392
14.228,14415
14.232,14425
14.236,14406
14.24,14430
14.244,14398
14.248,14386
14.252,14418
14.256,14399
14.26,14348
14.264,14440
14.268,14537
14.272,14367
14.276,14399
14.28,14419
14.284,14427
14.288,14430
14.292,14404
14.296,14352
14.3,14428
14.304,14448
14.308,14427
14.312,14464
14.316,14444
14.32,14439
14.324,14387
14.328,14386
14.332,14359
14.336,14403
14.34,14434
14.344,14432
14.348,14428
14.352,14432
14.356,14431
14.36,14472
14.364,14472
14.368,14440
14.372,14443
14.376,14469
14.38,14487
14.384,14452
14.388,14451
14.392,14426
14.396,14457
14.4,14409
14.404,14435
14.408,14490
14.412,14448
14.416,14459
14.42,14473
14.424,14488
14.428,14465
14.432,14446
14.436,14449
14.44,14450
14.444,14406
14.448,14464
14.452,14469
14.456,14404
14.46,14446
14.464,14482
14.468,14424
14.472,14460
14.476,14449
14.48,14561
14.484,14484
14.488,14439
14.492,14470
14.496,14468
14.5,14473
14.504,14498
14.508,14492
14.512,14489
14.516,14260
14.52,14451
14.524,14464
14.528,14514
14.532,14450
14.536,14499
14.54,14491
14.544,14501
14.548,14475
14.552,14498
14.556,14496
14.56,14445
14.564,14514
14.568,14462
14.572,14382
14.576,14515
14.58,14453
14.584,14509
14.588,14503
14.592,14525
14.596,14513
14.6,14525
14.604,14533
14.608,14502
14.612,14472
14.616,14510
14.62,14496
14.624,14502
14.628,14489
14.632,14540
14.636,14487
14.64,14507
14.644,14521
14.648,14504
14.652,14480
14.656,14548
14.66,14485
14.664,14536
14.668,14539
14.672,14512
14.676,14518
14.68,14519
14.684,14554
14.688,14525
14.692,14508
14.696,14493
14.7,14545
14.704,14495
14.708,14509
14.712,14542
14.716,14530
14.72,14458
14.724,14528
14.728,14479
14.732,14531
14.736,14522
14.74,14507
14.744,14503
14.748,14542
14.752,14500
14.756,14548
14.76,14515
14.764,14601
14.768,14581
14.772,14540
14.776,14609
14.78,14556
14.784,14545
14.788,14554
14.792,14547
14.796,14568
14.8,14526
14.804,14583
14.808,14545
14.812,14516
14.816,14547
14.82,14596
14.824,14568
14.828,14614
14.832,14598
14.836,14554
14.84,14534
14.844,14587
14.848,14588
14.852,14579
14.856,14557
14.86,14547
14.864,14545
14.868,14593
14.872,14573
14.876,14540
14.88,14582
14.884,14567
14.888,14578
14.892,14586
14.896,14554
14.9,14558
14.904,14559
14.908,14589
14.912,14542
14.916,14541
14.92,14534
14.924,14541
14.928,14588
14.932,14657
14.936,14584
14.94,14589
14.944,14536
14.948,14607
14.952,14526
14.956,14583
14.96,14568
14.964,14553
14.968,14579
14.972,14654
14.976,14585
14.98,14583
14.984,14556
14.988,14521
14.992,14614
14.996,14551
15,14569
15.004,14487
15.008,14561
15.012,14622
15.016,14583
15.02,14541
15.024,14571
15.028,14596
15.032,14561
15.036,14590
15.04,14604
15.044,14592
15.048,14600
15.052,14607
15.056,14624
15.06,14597
15.064,14606
15.068,14586
15.072,14597
15.076,14646
15.08,14488
15.084,14601
15.088,14622
15.092,14585
15.096,14576
15.1,14595
15.104,14514
15.108,14590
15.112,14610
15.116,14610
15.12,14558
15.124,14562
15.128,14493
15.132,14558
15.136,14532
15.14,14619
15.144,14550
15.148,14605
15.152,14603
15.156,14601
15.16,14540
15.164,14577
15.168,14571
15.172,14593
15.176,14572
15.18,14565
15.184,14584
15.188,14555
15.192,14952
15.196,14579
15.2,14581
15.204,14592
15.208,14561
15.212,14594
15.216,14564
15.22,14555
15.224,14514
15.228,14530
15.232,14596
15.236,14569
15.24,14573
15.244,14601
15.248,14595
15.252,14550
15.256,14585
15.26,14601
15.264,14548
15.268,14579
15.272,14577
15.276,14544
15.28,14582
15.284,14569
15.288,14580
15.292,14562
15.296,14561
15.3,14584
15.304,14595
15.308,14578
15.312,14552
15.316,14584
15.32,14594
15.324,14525
15.328,14560
15.332,14539
15.336,14565
15.34,14556
15.344,14585
15.348,14586
15.352,14578
15.356,14546
15.36,14591
15.364,14560
15.368,14602
15.372,14541
15.376,14614
15.38,14590
15.384,14534
15.388,14590
15.392,14568
15.396,14544
15.4,14531
15.404,14570
15.408,14553
15.412,14556
15.416,14552
15.42,14566
15.424,14482
15.428,14547
15.432,14557
15.436,14545
15.44,14588
15.444,14539
15.448,14513
15.452,14548
15.456,14142
15.46,14539
15.464,14525
15.468,14520
15.472,14568
15.476,14550
15.48,14490
15.484,14584
15.488,14499
15.492,14564
15.496,14524
15.5,14511
15.504,14517
15.508,14532
15.512,14526
15.516,14508
15.52,14517
15.524,14514
15.528,14508
15.532,14538
15.536,14466
15.54,14468
15.544,14520
15.548,14494
15.552,14505
15.556,14505
15.56,14492
15.564,14484
15.568,14518
15.572,14557
15.576,14517
15.58,14525
15.584,14515
15.588,14515
15.592,14488
15.596,14464
15.6,14512
15.604,14477
15.608,14494
15.612,14462
15.616,14472
15.62,14505
15.624,14497
15.628,14483
15.632,14486
15.636,14496
15.64,14496
15.644,14487
15.648,14506
15.652,14463
15.656,14445
15.66,14445
15.664,14509
15.668,14498
15.672,14481
15.676,14490
15.68,14470
15.684,14492
15.688,14435
15.692,14510
15.696,14459
15.7,14467
15.704,14497
15.708,14487
15.712,14473
15.716,14460
15.72,14471
15.724,14480
15.728,14478
15.732,14512
15.736,14473
15.74,14483
15.744,14429
15.748,14448
15.752,14441
15.756,14451
15.76,14477
15.764,14463
15.768,14467
15.772,14485
15.776,14445
15.78,14435
15.784,14494
15.788,14454
15.792,14425
15.796,14413
15.8,14442
15.804,14433
15.808,14475
15.812,14428
15.816,14448
15.82,14436
15.824,14451
15.828,14440
15.832,14392
15.836,14453
15.84,14455
15.844,14461
15.848,14438
15.852,14343
15.856,14445
15.86,14443
15.864,14472
15.868,14404
15.872,14418
15.876,14396
15.88,14416
15.884,14413
15.888,14459
15.892,14406
15.896,14461
15.9,14452
15.904,14420
15.908,14410
15.912,14418
15.916,14464
15.92,14399
15.924,14466
15.928,14464
15.932,14407
15.936,14391
15.94,14380
15.944,14413
15.948,14446
15.952,14447
15.956,14358
15.96,14394
15.964,14396
15.968,14418
15.972,14422
15.976,14388
15.98,14393
15.984,14412
15.988,14384
15.992,14409
15.996,14428
16,14377
16.004,14347
16.008,14469
16.012,14434
16.016,14382
16.02,14359
16.024,14440
16.028,14388
16.032,14394
16.036,14407
16.04,14448
16.044,14367
16.048,14422
16.052,14363
16.056,14393
16.06,14383
16.064,14395
16.068,14392
16.072,14378
16.076,14364
16.08,14418
16.084,14418
16.088,14407
16.092,14392
16.096,14405
16.1,14403
16.104,14428
16.108,14363
16.112,14384
16.116,14372
16.12,14314
16.124,14417
16.128,14367
16.132,14360
16.136,14409
16.14,14376
16.144,14360
16.148,14343
16.152,14367
16.156,14384
16.16,14386
16.164,14377
16.168,14422
16.172,14374
16.176,14406
16.18,14407
16.184,14428
16.188,14387
16.192,14356
16.196,14358
16.2,14404
16.204,14385
16.208,14389
16.212,14367
16.216,14396
16.22,14354
16.224,14360
16.228,14374
16.232,14367
16.236,14357
16.24,14354
16.244,14377
16.248,14381
16.252,14364
16.256,14337
16.26,14399
16.264,14365
16.268,14384
16.272,14393
16.276,14390
16.28,14337
16.284,14396
16.288,14401
16.292,14334
16.296,14389
16.3,14379
16.304,14412
16.308,14111
16.312,14406
16.316,14553
16.32,14426
16.324,14366
16.328,14429
16.332,14358
16.336,14397
16.34,14362
16.344,14393
16.348,14414
16.352,14324
16.356,14373
16.36,14391
16.364,14409
16.368,14377
16.372,14376
16.376,14398
16.38,14407
16.384,14428
16.388,14380
16.392,14369
16.396,14413
16.4,14391
16.404,14357
16.408,14404
16.412,14361
16.416,14336
16.42,14365
16.424,14404
16.428,14403
16.432,14359
16.436,14398
16.44,14410
16.444,14392
16.448,14383
16.452,14388
16.456,14398
16.46,14358
16.464,14410
16.468,14365
16.472,14412
16.476,14396
16.48,14390
16.484,14403
16.488,14409
16.492,14355
16.496,14408
16.5,14414
16.504,14431
16.508,14390
16.512,14387
16.516,14441
16.52,14422
16.524,14367
16.528,14391
16.532,14421
16.536,14364
16.54,14446
16.544,14378
16.548,14389
16.552,14436
16.556,14427
16.56,14400
16.564,14380
16.568,14442
16.572,14386
16.576,14428
16.58,14373
16.584,14418
16.588,14437
16.592,14453
16.596,14418
16.6,14451
16.604,14008
16.608,14441
16.612,14452
16.616,14403
16.62,14419
16.624,14422
16.628,14395
16.632,14390
16.636,14444
16.64,14414
16.644,14427
16.648,14498
16.652,14441
16.656,14431
16.66,14402
16.664,14424
16.668,14457
16.672,14445
16.676,14465
16.68,14414
16.684,14492
16.688,14455
16.692,14477
16.696,14442
16.7,14443
16.704,14458
16.708,14472
16.712,14461
16.716,14525
16.72,14433
16.724,14440
16.728,14446
16.732,14425
16.736,14485
16.74,14451
16.744,14440
16.748,14463
16.752,14430
16.756,14502
16.76,14450
16.764,14474
16.768,14420
16.772,14493
16.776,14505
16.78,14466
16.784,14440
16.788,14420
16.792,14463
16.796,14478
16.8,14447
16.804,14460
16.808,14458
16.812,14448
16.816,14502
16.82,14477
16.824,14503
16.828,14465
16.832,14451
16.836,14505
16.84,14453
16.844,14489
16.848,14447
16.852,14537
16.856,14520
16.86,14443
16.864,14485
16.868,14467
16.872,14504
16.876,14439
16.88,14466
16.884,14510
16.888,14521
16.892,14498
16.896,14488
16.9,14476
16.904,14496
16.908,14530
16.912,14488
16.916,14485
16.92,14512
16.924,14505
16.928,14476
16.932,14460
16.936,14525
16.94,14471
16.944,14520
16.948,14464
16.952,14477
16.956,14545
16.96,14513
16.964,14510
16.968,14467
16.972,14496
16.976,14525
16.98,14531
16.984,14451
16.988,14500
16.992,14516
16.996,14486
17,14478
17.004,14527
17.008,14513
17.012,14545
17.016,14528
17.02,14551
17.024,14527
17.028,14541
17.032,14165
17.036,14554
17.04,14516
17.044,14548
17.048,14490
17.052,14545
17.056,14564
17.06,14570
17.064,14520
17.068,14500
17.072,14571
17.076,14498
17.08,14503
17.084,14484
17.088,14559
17.092,14521
17.096,14521
17.1,14522
17.104,14530
17.108,14531
17.112,14528
17.116,14478
17.12,14587
17.124,14577
17.128,14538
17.132,14534
17.136,14559
17.14,14528
17.144,14533
17.148,14552
17.152,14537
17.156,14557
17.16,14604
17.164,14513
17.168,14566
17.172,14498
17.176,14547
17.18,14530
17.184,14567
17.188,14516
17.192,14584
17.196,14571
17.2,14533
17.204,14538
17.208,14519
17.212,14515
17.216,14570
17.22,14563
17.224,14522
17.228,14629
17.232,14612
17.236,14583
17.24,14551
17.244,14545
17.248,14560
17.252,14549
17.256,14562
17.26,14525
17.264,14554
17.268,14603
17.272,14561
17.276,14582
17.28,14592
17.284,14591
17.288,14555
17.292,14519
17.296,14596
17.3,14532
17.304,14605
17.308,14581
17.312,14619
17.316,14552
17.32,14606
17.324,14576
17.328,14588
17.332,14546
17.336,14593
17.34,14589
17.344,14545
17.348,14556
17.352,14521
17.356,14595
17.36,14602
17.364,14569
17.368,14579
17.372,14571
17.376,14566
17.38,14595
17.384,14609
17.388,14555
17.392,14577
17.396,14530
17.4,14582
17.404,14607
17.408,14604
17.412,14640
17.416,14578
17.42,14594
17.424,14591
17.428,14539
17.432,14564
17.436,14610
17.44,14641
17.444,14610
17.448,14580
17.452,14562
17.456,14627
17.46,14573
17.464,14633
17.468,14538
17.472,14604
17.476,14592
17.48,14601
17.484,14605
17.488,14577
17.492,14597
17.496,14561
17.5,14565
17.504,14577
17.508,14577
17.512,14559
17.516,14573
17.52,14593
17.524,14585
17.528,14625
17.532,14579
17.536,14564
17.54,14557
17.544,14602
17.548,14541
17.552,14559
17.556,14583
17.56,14788
17.564,14522
17.568,14596
17.572,14603
17.576,14571
17.58,14560
17.584,14546
17.588,14548
17.592,14595
17.596,14537
17.6,14546
17.604,14540
17.608,14563
17.612,14593
17.616,14612
17.62,14566
17.624,14604
17.628,14542
17.632,14526
17.636,14576
17.64,14614
17.644,14566
17.648,14569
17.652,14502
17.656,14568
17.66,14520
17.664,14588
17.668,14571
17.672,14567
17.676,14528
17.68,14557
17.684,14576
17.688,14520
17.692,14577
17.696,14587
17.7,14550
17.704,14574
17.708,14540
17.712,14547
17.716,14576
17.72,14530
17.724,14567
17.728,14592
17.732,14573
17.736,14538
17.74,14570
17.744,14551
17.748,14577
17.752,14542
17.756,14541
17.76,14523
17.764,14552
17.768,14558
17.772,14473
17.776,14501
17.78,14512
17.784,14548
17.788,14522
17.792,14539
17.796,14539
17.8,14546
17.804,14539
17.808,14529
17.812,14541
17.816,14574
17.82,14497
17.824,14511
17.828,14534
17.832,14546
17.836,14561
17.84,14522
17.844,14527
17.848,14535
17.852,14544
17.856,14493
17.86,14551
17.864,14522
17.868,14526
17.872,14507
17.876,14504
17.88,14495
17.884,14504
17.888,14498
17.892,14501
17.896,14594
17.9,14528
17.904,14489
17.908,14480
17.912,14561
17.916,14503
17.92,14495
17.924,14520
17.928,14507
17.932,14507
17.936,14505
17.94,14470
17.944,14913
17.948,14489
17.952,14498
17.956,14519
17.96,14556
17.964,14476
17.968,14505
17.972,14518
17.976,14501
17.98,14499
17.984,14461
17.988,14501
17.992,14447
17.996,14475
18,14495
18.004,14470
18.008,14522
18.012,14496
18.016,14514
18.02,14456
18.024,14477
18.028,14465
18.032,14497
18.036,14478
18.04,14440
18.044,14422
18.048,14498
18.052,14501
18.056,14500
18.06,14457
18.064,14509
18.068,14468
18.072,14450
18.076,14425
18.08,14512
18.084,14476
18.088,14473
18.092,14434
18.096,14457
18.1,14431
18.104,14484
18.108,14437
18.112,14508
18.116,14441
18.12,14460
18.124,14484
18.128,14482
18.132,14420
18.136,14462
18.14,14463
18.144,14440
18.148,14447
18.152,14449
18.156,14444
18.16,14403
18.164,14452
18.168,14414
18.172,14390
18.176,14462
18.18,14398
18.184,14449
18.188,14471
18.192,14437
18.196,14460
18.2,14425
18.204,14408
18.208,14401
18.212,14419
18.216,14470
18.22,14423
18.224,14426
18.228,14443
18.232,14444
18.236,14364
18.24,14399
18.244,14425
18.248,14392
18.252,14419
18.256,14386
18.26,14353
18.264,14384
18.268,14435
18.272,14419
18.276,14418
18.28,14451
18.284,14412
18.288,14395
18.292,14410
18.296,14376
18.3,14445
18.304,14417
18.308,14383
18.312,14397
18.316,14373
18.32,14423
18.324,14333
18.328,14456
18.332,14386
18.336,14418
18.34,14380
18.344,14434
18.348,14365
18.352,14398
18.356,14365
18.36,14433
18.364,14401
18.368,14386
18.372,14414
18.376,14415
18.38,14439
18.384,14440
18.388,14427
18.392,14408
18.396,14374
18.4,14390
18.404,14434
18.408,14392
18.412,14375
18.416,14382
18.42,14440
18.424,14387
18.428,14426
18.432,14377
18.436,14423
18.44,14363
18.444,14429
18.448,14418
18.452,14406
18.456,14368
18.46,14411
18.464,14440
18.468,14346
18.472,14402
18.476,14412
18.48,14435
18.484,14347
18.488,14393
18.492,14369
18.496,14426
18.5,14343
18.504,14411
18.508,14408
18.512,14341
18.516,14396
18.52,14355
18.524,14397
18.528,14427
18.532,14414
18.536,14381
18.54,14394
18.544,14402
18.548,14343
18.552,14323
18.556,14361
18.56,14375
18.564,14373
18.568,14364
18.572,14364
18.576,14378
18.58,14367
18.584,14369
18.588,14348
18.592,14371
18.596,14354
18.6,14397
18.604,14386
18.608,14399
18.612,14369
18.616,14379
18.62,14360
18.624,14391
18.628,14364
18.632,14381
18.636,14383
18.64,14395
18.644,14386
18.648,14355
18.652,14368
18.656,14376
18.66,14394
18.664,14380
18.668,14355
18.672,14391
18.676,14409
18.68,14406
18.684,14400
18.688,14387
18.692,14363
18.696,14382
18.7,14406
18.704,14378
18.708,14432
18.712,14397
18.716,14343
18.72,14768
18.724,14397
18.728,14365
18.732,14375
18.736,14417
18.74,14375
18.744,14373
18.748,14358
18.752,14390
18.756,14374
18.76,14394
18.764,14357
18.768,14366
18.772,14359
18.776,14478
18.78,14358
18.784,14435
18.788,14372
18.792,14378
18.796,14385
18.8,14372
18.804,14371
18.808,14428
18.812,14351
18.816,14397
18.82,14425
18.824,14381
18.828,14364
18.832,14391
18.836,14355
18.84,14351
18.844,14438
18.848,14409
18.852,14426
18.856,14377
18.86,14382
18.864,14395
18.868,14412
18.872,14399
18.876,14412
18.88,14393
18.884,14378
18.888,14359
18.892,14404
18.896,14393
18.9,14437
18.904,14392
18.908,14390
18.912,14328
18.916,14419
18.92,14397
18.924,14416
18.928,14398
18.932,14413
18.936,14416
18.94,14370
18.944,14411
18.948,14367
18.952,14413
18.956,14399
18.96,14458
18.964,14422
18.968,14410
18.972,14463
18.976,14413
18.98,14407
18.984,14392
18.988,14441
18.992,14443
18.996,14373
19,14411
19.004,14430
19.008,14413
19.012,14379
19.016,14460
19.02,14436
19.024,14452
19.028,14451
19.032,14419
19.036,14485
19.04,14426
19.044,14463
19.048,14429
19.052,14424
19.056,14484
19.06,14404
19.064,14474
19.068,14464
19.072,14430
19.076,14445
19.08,14462
19.084,14414
19.088,14472
19.092,14468
19.096,14494
19.1,14445
19.104,14457
19.108,14423
19.112,14488
19.116,14421
19.12,14488
19.124,14433
19.128,14437
19.132,14550
19.136,14502
19.14,14435
19.144,14499
19.148,14452
19.152,14364
19.156,14459
19.16,14419
19.164,14470
19.168,14488
19.172,14435
19.176,14470
19.18,14521
19.184,14438
19.188,14446
19.192,14502
19.196,14498
19.2,14462
19.204,14515
19.208,14456
19.212,14498
19.216,14456
19.22,14475
19.224,14488
19.228,14498
19.232,14496
19.236,14485
19.24,14472
19.244,14509
19.248,14483
19.252,14493
19.256,14483
19.26,14420
19.264,14476
19.268,14508
19.272,14506
19.276,14565
19.28,14480
19.284,14470
19.288,14468
19.292,14508
19.296,14499
19.3,14487
19.304,14532
19.308,14580
19.312,14516
19.316,14512
19.32,14526
19.324,14541
19.328,14532
19.332,14489
19.336,14506
19.34,14524
19.344,14536
19.348,14505
19.352,14565
19.356,14530
19.36,14565
19.364,14490
19.368,14549
19.372,14468
19.376,14569
19.38,14537
19.384,14502
19.388,14553
19.392,14519
19.396,14556
19.4,14566
19.404,14563
19.408,14545
19.412,14547
19.416,14568
19.42,14538
19.424,14549
19.428,14555
19.432,14523
19.436,14556
19.44,14549
19.444,14534
19.448,14535
19.452,14553
19.456,14551
19.46,14579
19.464,14543
19.468,14506
19.472,14497
19.476,14521
19.48,14546
19.484,14515
19.488,14562
19.492,14550
19.496,14573
19.5,14546
19.504,14576
19.508,14537
19.512,14533
19.516,14522
19.52,14516
19.524,14569
19.528,14619
19.532,14594
19.536,14570
19.54,14577
19.544,14537
19.548,14551
19.552,14546
19.556,14567
19.56,14568
19.564,14559
19.568,14536
19.572,14562
19.576,14570
19.58,14534
19.584,14538
19.588,14555
19.592,14560
19.596,14559
19.6,14534
19.604,14521
19.608,14546
19.612,14584
19.616,14548
19.62,14567
19.624,14549
19.628,14578
19.632,14596
19.636,14539
19.64,14577
19.644,14623
19.648,14585
19.652,14597
19.656,14545
19.66,14564
19.664,14561
19.668,14647
19.672,14600
19.676,14551
19.68,14547
19.684,14556
19.688,14579
19.692,14517
19.696,14571
19.7,14563
19.704,14593
19.708,14583
19.712,14593
19.716,14557
19.72,14601
19.724,14608
19.728,14558
19.732,14612
19.736,14628
19.74,14579
19.744,14595
19.748,14584
19.752,14559
19.756,14569
19.76,14551
19.764,14507
19.768,14560
19.772,14559
19.776,14565
19.78,14551
19.784,14641
19.788,14614
19.792,14615
19.796,14582
19.8,14597
19.804,14600
19.808,14595
19.812,14597
19.816,14586
19.82,14616
19.824,14614
19.828,14576
19.832,14561
19.836,14617
19.84,14574
19.844,14562
19.848,14606
19.852,14558
19.856,14568
19.86,14600
19.864,14570
19.868,14593
19.872,14559
19.876,14598
19.88,14541
19.884,14567
19.888,14574
19.892,14323
19.896,14563
19.9,14598
19.904,14524
19.908,14574
19.912,14543
19.916,14622
19.92,14565
19.924,14602
19.928,14556
19.932,14576
19.936,14601
19.94,14598
19.944,14555
19.948,14583
19.952,14583
19.956,14579
19.96,14560
19.964,14613
19.968,14577
19.972,14555
19.976,14552
19.98,14546
19.984,14582
19.988,14574
19.992,14556
19.996,14571
20,14526
20.004,14555
20.008,14520
20.012,14595
20.016,14551
20.02,14569
20.024,14576
20.028,14503
20.032,14536
20.036,14570
20.04,14559
20.044,14538
20.048,14585
20.052,14587
20.056,14533
20.06,14602
20.064,14572
20.068,14581
20.072,14527
20.076,14546
20.08,14566
20.084,14536
20.088,14535
20.092,14561
20.096,14581
20.1,14582
20.104,14502
20.108,14559
20.112,14530
20.116,14558
20.12,14523
20.124,14537
20.128,14555
20.132,14550
20.136,14505
20.14,14593
20.144,14514
20.148,14523
20.152,14524
20.156,14489
20.16,14571
20.164,14515
20.168,14514
20.172,14541
20.176,14541
20.18,14513
20.184,14489
20.188,14518
20.192,14556
20.196,14516
20.2,14537
20.204,14509
20.208,14522
20.212,14495
20.216,14495
20.22,14501
20.224,14493
20.228,14486
20.232,14542
20.236,14480
20.24,14496
20.244,14506
20.248,14509
20.252,14512
20.256,14480
20.26,14531
20.264,14508
20.268,14495
20.272,14504
20.276,14505
20.28,14515
20.284,14560
20.288,14528
20.292,14455
20.296,14487
20.3,14502
20.304,14496
20.308,14467
20.312,14511
20.316,14472
20.32,14476
20.324,14460
20.328,14471
20.332,14507
20.336,14470
20.34,14511
20.344,14480
20.348,14885
20.352,14477
20.356,14492
20.36,14446
20.364,14501
20.368,14494
20.372,14468
20.376,14432
20.38,14470
20.384,14493
20.388,14506
20.392,14466
20.396,14503
20.4,14503
20.404,14454
20.408,14516
20.412,14466
20.416,14463
20.42,14453
20.424,14467
20.428,14444
20.432,14449
20.436,14390
20.44,14488
20.444,14403
20.448,14438
20.452,14435
20.456,14448
20.46,14405
20.464,14407
20.468,14446
20.472,14464
20.476,14546
20.48,14454
20.484,14434
20.488,14459
20.492,14491
20.496,14446
20.5,14456
20.504,14382
20.508,14486
20.512,14422
20.516,14460
20.52,14492
20.524,14438
20.528,14445
20.532,14424
20.536,14424
20.54,14443
20.544,14385
20.548,14502
20.552,14388
20.556,14462
20.56,14441
20.564,14419
20.568,14446
20.572,14407
20.576,14418
20.58,14430
20.584,14496
20.588,14437
20.592,14458
20.596,14394
20.6,14385
20.604,14414
20.608,14402
20.612,14446
20.616,14450
20.62,14457
20.624,14406
20.628,14405
20.632,14405
20.636,14396
20.64,14426
20.644,14400
20.648,14413
20.652,14391
20.656,14414
20.66,14406
20.664,14406
20.668,14398
20.672,14381
20.676,14382
20.68,14395
20.684,14442
20.688,14430
20.692,14372
20.696,14400
20.7,14422
20.704,14414
20.708,14400
20.712,14409
20.716,14380
20.72,14375
20.724,14401
20.728,14434
20.732,14412
20.736,14379
20.74,14430
20.744,14394
20.748,14396
20.752,14410
20.756,14456
20.76,14416
20.764,14351
20.768,14418
20.772,14388
20.776,14338
20.78,14377
20.784,14141
20.788,14412
20.792,14384
20.796,14388
20.8,14312
20.804,14346
20.808,14358
20.812,14426
20.816,14436
20.82,14341
20.824,14448
20.828,14440
20.832,14450
20.836,14359
20.84,14379
20.844,14412
20.848,14376
20.852,14382
20.856,14411
20.86,14459
20.864,14349
20.868,14364
20.872,14390
20.876,14375
20.88,14345
20.884,14388
20.888,14401
20.892,14410
20.896,14357
20.9,14349
20.904,14374
20.908,14382
20.912,14388
20.916,14365
20.92,14369
20.924,14374
20.928,14362
20.932,14420
20.936,14367
20.94,14427
20.944,14393
20.948,14408
20.952,14356
20.956,14395
20.96,14357
20.964,14388
20.968,14375
20.972,14376
20.976,14381
20.98,14380
20.984,14379
20.988,14378
20.992,14426
20.996,14400
21,14364
21.004,14348
21.008,14356
21.012,14389
21.016,14392
21.02,14382
21.024,14375
21.028,14326
21.032,14376
21.036,14414
21.04,14389
21.044,14361
21.048,14397
21.052,14448
21.056,14369
21.06,14342
21.064,14433
21.068,14434
21.072,14333
21.076,14413
21.08,14389
21.084,14332
21.088,14365
21.092,14390
21.096,14368
21.1,14407
21.104,14400
21.108,14375
21.112,14395
21.116,14436
21.12,14355
21.124,14404
21.128,14407
21.132,14431
21.136,14046
21.14,14341
21.144,14374
21.148,14378
21.152,14366
21.156,14384
21.16,14432
21.164,14352
21.168,14383
21.172,14364
21.176,14388
21.18,14410
21.184,14451
21.188,14393
21.192,14370
21.196,14353
21.2,14394
21.204,14364
21.208,14422
21.212,14426
21.216,14411
21.22,14422
21.224,14398
21.228,14387
21.232,14430
21.236,14391
21.24,14423
21.244,14360
21.248,14432
21.252,14423
21.256,14442
21.26,14403
21.264,14411
21.268,14426
21.272,14409
21.276,14454
21.28,14389
21.284,14382
21.288,14426
21.292,14368
21.296,14441
21.3,14434
21.304,14457
21.308,14422
21.312,14455
21.316,14455
21.32,14447
21.324,14413
21.328,14461
21.332,14454
21.336,14413
21.34,14455
21.344,14395
21.348,14455
21.352,14407
21.356,14435
21.36,14432
21.364,14461
21.368,14473
21.372,14446
21.376,14479
21.38,14401
21.384,14449
21.388,14505
21.392,14466
21.396,14435
21.4,14439
21.404,14459
21.408,14480
21.412,14471
21.416,14477
21.42,14405
21.424,14461
21.428,14495
21.432,14439
21.436,14511
21.44,14480
21.444,14460
21.448,14501
21.452,14476
21.456,14438
21.46,14476
21.464,14525
21.468,14466
21.472,14433
21.476,14464
21.48,14434
21.484,14452
21.488,14443
21.492,14401
21.496,14450
21.5,14513
21.504,14468
21.508,14452
21.512,14537
21.516,14479
21.52,14133
21.524,14472
21.528,14466
21.532,14420
21.536,14484
21.54,14490
21.544,14527
21.548,14466
21.552,14484
21.556,14512
21.56,14471
21.564,14489
21.568,14497
21.572,14498
21.576,14485
21.58,14495
21.584,14464
21.588,14478
21.592,14498
21.596,14495
21.6,14455
21.604,14477
21.608,14465
21.612,14515
21.616,14532
21.62,14522
21.624,14490
21.628,14471
21.632,14534
21.636,14520
21.64,14523
21.644,14508
21.648,14512
21.652,14512
21.656,14537
21.66,14501
21.664,14537
21.668,14538
21.672,14471
21.676,14533
21.68,14503
21.684,14514
21.688,14525
21.692,14450
21.696,14510
21.7,14536
21.704,14497
21.708,14492
21.712,14525
21.716,14537
21.72,14535
21.724,14553
21.728,14533
21.732,14559
21.736,14556
21.74,14590
21.744,14564
21.748,14506
21.752,14585
21.756,14558
21.76,14510
21.764,14563
21.768,14564
21.772,14469
21.776,14533
21.78,14537
21.784,14528
21.788,14561
21.792,14552
21.796,14582
21.8,14554
21.804,14519
21.808,14522
21.812,14606
21.816,14533
21.82,14542
21.824,14482
21.828,14574
21.832,14540
21.836,14585
21.84,14601
21.844,14571
21.848,14559
21.852,14541
21.856,14531
21.86,14571
21.864,14554
21.868,14549
21.872,14548
21.876,14620
21.88,14550
21.884,14586
21.888,14597
21.892,14600
21.896,14573
21.9,14557
21.904,14575
21.908,14575
21.912,14606
21.916,14579
21.92,14530
21.924,14568
21.928,14586
21.932,14609
21.936,14543
21.94,14561
21.944,14546
21.948,14602
21.952,14583
21.956,14551
21.96,14558
21.964,14609
21.968,14581
21.972,14548
21.976,14547
21.98,14587
21.984,14583
21.988,14554
21.992,14593
21.996,14546
22,14605
22.004,14571
22.008,14586
22.012,14530
22.016,14597
22.02,14617
22.024,14562
22.028,14588
22.032,14639
22.036,14602
22.04,14580
22.044,14604
22.048,14543
22.052,14568
22.056,14562
22.06,14590
22.064,14611
22.068,14588
22.072,14620
22.076,14544
22.08,14554
22.084,14625
22.088,14557
22.092,14607
22.096,14546
22.1,14624
22.104,14552
22.108,14611
22.112,14596
22.116,14556
22.12,14600
22.124,14548
22.128,14566
22.132,14618
22.136,14577
22.14,14586
22.144,14217
22.148,14575
22.152,14568
22.156,14528
22.16,14581
22.164,14603
22.168,14535
22.172,14561
22.176,14543
22.18,14577
22.184,14574
22.188,14624
22.192,14590
22.196,14578
22.2,14624
22.204,14583
22.208,14537
22.212,14550
22.216,14537
22.22,14553
22.224,14604
22.228,14583
22.232,14553
22.236,14605
22.24,14595
22.244,14530
22.248,14582
22.252,14510
22.256,14606
22.26,14555
22.264,14577
22.268,14603
22.272,14808
22.276,14572
22.28,14559
22.284,14571
22.288,14553
22.292,14534
22.296,14614
22.3,14550
22.304,14580
22.308,14559
22.312,14515
22.316,14589
22.32,14513
22.324,14512
22.328,14573
22.332,14490
22.336,14625
22.34,14550
22.344,14561
22.348,14543
22.352,14551
22.356,14528
22.36,14545
22.364,14571
22.368,14517
22.372,14541
22.376,14475
22.38,14560
22.384,14577
22.388,14558
22.392,14530
22.396,14587
22.4,14550
22.404,14517
22.408,14492
22.412,14524
22.416,14549
22.42,14530
22.424,14594
22.428,14544
22.432,14510
22.436,14561
22.44,14524
22.444,14573
22.448,14538
22.452,14510
22.456,14558
22.46,14525
22.464,14490
22.468,14541
22.472,14551
22.476,14579
22.48,14557
22.484,14547
22.488,14488
22.492,14486
22.496,14548
22.5,14531
22.504,14537
22.508,14518
22.512,14527
22.516,14536
22.52,14539
22.524,14499
22.528,14507
22.532,14527
22.536,14506
22.54,14496
22.544,14509
22.548,14513
22.552,14465
22.556,14565
22.56,14531
22.564,14507
22.568,14565
22.572,14462
22.576,14532
22.58,14473
22.584,14473
22.588,14466
22.592,14522
22.596,14468
22.6,14508
22.604,14511
22.608,14506
22.612,14482
22.616,14492
22.62,14503
22.624,14488
22.628,14515
22.632,14490
22.636,14488
22.64,14480
22.644,14484
22.648,14474
22.652,14482
22.656,14761
22.66,14486
22.664,14494
22.668,14487
22.672,14535
22.676,14455
22.68,14493
22.684,14472
22.688,14456
22.692,14484
22.696,14495
22.7,14496
22.704,14477
22.708,14504
22.712,14514
22.716,14474
22.72,14480
22.724,14459
22.728,14468
22.732,14428
22.736,14489
22.74,14491
22.744,14485
22.748,14425
22.752,14471
22.756,14400
22.76,14513
22.764,14433
22.768,14445
22.772,14452
22.776,14453
22.78,14447
22.784,14423
22.788,14430
22.792,14463
22.796,14435
22.8,14460
22.804,14381
22.808,14433
22.812,14431
22.816,14458
22.82,14438
22.824,14463
22.828,14416
22.832,14444
22.836,14432
22.84,14449
22.844,14436
22.848,14430
22.852,14711
22.856,14451
22.86,14463
22.864,14398
22.868,14395
22.872,14420
22.876,14437
22.88,14420
22.884,14482
22.888,14427
22.892,14423
22.896,14428
22.9,14357
22.904,14408
22.908,14422
22.912,14384
22.916,14401
22.92,14382
22.924,14431
22.928,14442
22.932,14457
22.936,14483
22.94,14339
22.944,14453
22.948,14377
22.952,14415
22.956,14421
22.96,14424
22.964,14412
22.968,14414
22.972,14404
22.976,14449
22.98,14458
22.984,14416
22.988,14408
22.992,14413
22.996,14392
23,14403
23.004,14354
23.008,14424
23.012,14433
23.016,14389
23.02,14416
23.024,14357
23.028,14393
23.032,14441
23.036,14315
23.04,14392
23.044,14409
23.048,14433
23.052,14389
23.056,14394
23.06,14414
23.064,14392
23.068,14402
23.072,14444
23.076,14387
23.08,14344
23.084,14371
23.088,14384
23.092,14404
23.096,14403
23.1,14374
23.104,14393
23.108,14400
23.112,14412
23.116,14448
23.12,14415
23.124,14363
23.128,14402
23.132,14424
23.136,14370
23.14,14362
23.144,14382
23.148,14356
23.152,14429
23.156,14383
23.16,14379
23.164,14348
23.168,14359
23.172,14415
23.176,14422
23.18,14351
23.184,14359
23.188,14371
23.192,14423
23.196,14385
23.2,14373
23.204,14374
23.208,14374
23.212,14317
23.216,14382
23.22,14386
23.224,14432
23.228,14358
23.232,14409
23.236,14338
23.24,14358
23.244,14377
23.248,14370
23.252,14366
23.256,14396
23.26,14383
23.264,14361
23.268,14386
23.272,14361
23.276,14422
23.28,14395
23.284,14366
23.288,14448
23.292,14396
23.296,14365
23.3,14390
23.304,14373
23.308,14364
23.312,14421
23.316,14399
23.32,14374
23.324,14414
23.328,14368
23.332,14430
23.336,14358
23.34,14382
23.344,14385
23.348,14388
23.352,14433
23.356,14389
23.36,14359
23.364,14318
23.368,14384
23.372,14381
23.376,14427
23.38,14371
23.384,14363
23.388,14410
23.392,14430
23.396,14398
23.4,14430
23.404,14374
23.408,14399
23.412,14347
23.416,14544
23.42,14801
23.424,14398
23.428,14425
23.432,14401
23.436,14318
23.44,14390
23.444,14375
23.448,14372
23.452,14372
23.456,14436
23.46,14359
23.464,14369
23.468,14392
23.472,14369
23.476,14413
23.48,14412
23.484,14423
23.488,14444
23.492,14438
23.496,14432
23.5,14468
23.504,14387
23.508,14396
23.512,14382
23.516,14452
23.52,14458
23.524,14435
23.528,14449
23.532,14413
23.536,14448
23.54,14408
23.544,14373
23.548,14425
23.552,14456
23.556,14438
23.56,14415
23.564,14416
23.568,14429
23.572,14436
23.576,14834
23.58,14357
23.584,14367
23.588,14439
23.592,14413
23.596,14457
23.6,14451
23.604,14415
23.608,14423
23.612,14440
23.616,14435
23.62,14446
23.624,14446
23.628,14424
23.632,14403
23.636,14435
23.64,14437
23.644,14420
23.648,14395
23.652,14463
23.656,14399
23.66,14441
23.664,14404
23.668,14422
23.672,14382
23.676,14439
23.68,14414
23.684,14446
23.688,14401
23.692,14437
23.696,14431
23.7,14403
23.704,14413
23.708,14452
23.712,14461
23.716,14449
23.72,14470
23.724,14424
23.728,14429
23.732,14388
23.736,14472
23.74,14489
23.744,14417
23.748,14471
23.752,14437
23.756,14486
23.76,14453
23.764,14426
23.768,14470
23.772,14434
23.776,14423
23.78,14517
23.784,14458
23.788,14501
23.792,14453
23.796,14476
23.8,14502
23.804,14186
23.808,14489
23.812,14484
23.816,14511
23.82,14479
23.824,14520
23.828,14463
23.832,14506
23.836,14514
23.84,14500
23.844,14476
23.848,14488
23.852,14550
23.856,14494
23.86,14324
23.864,14520
23.868,14428
23.872,14543
23.876,14461
23.88,14487
23.884,14423
23.888,14471
23.892,14494
23.896,14512
23.9,14496
23.904,14558
23.908,14515
23.912,14447
23.916,14538
23.92,14490
23.924,14550
23.928,14548
23.932,14493
23.936,14494
23.94,14557
23.944,14470
23.948,14561
23.952,14507
23.956,14501
23.96,14500
23.964,14521
23.968,14510
23.972,14479
23.976,14544
23.98,14467
23.984,14574
23.988,14499
23.992,14598
23.996,14544
24,14508
24.004,14545
24.008,14538
24.012,14515
24.016,14553
24.02,14518
24.024,14523
24.028,14482
24.032,14563
24.036,14551
24.04,14590
24.044,14479
24.048,14529
24.052,14551
24.056,14509
24.06,14550
24.064,14431
24.068,14514
24.072,14523
24.076,14506
24.08,14536
24.084,14564
24.088,14539
24.092,14535
24.096,14574
24.1,14536
24.104,14531
24.108,14503
24.112,14556
24.116,14487
24.12,14545
24.124,14565
24.128,14517
24.132,14567
24.136,14548
24.14,14595
24.144,14582
24.148,14554
24.152,14572
24.156,14596
24.16,14536
24.164,14565
24.168,14565
24.172,14601
24.176,14562
24.18,14581
24.184,14542
24.188,14558
24.192,14560
24.196,14412
24.2,14575
24.204,14512
24.208,14539
24.212,14573
24.216,14604
24.22,14596
24.224,14579
24.228,14539
24.232,14627
24.236,14514
24.24,14541
24.244,14532
24.248,14563
24.252,14603
24.256,14549
24.26,14543
24.264,14575
24.268,14571
24.272,14570
24.276,14538
24.28,14586
24.284,14581
24.288,14625
24.292,14579
24.296,14571
24.3,14632
24.304,14593
24.308,14587
24.312,14589
24.316,14610
24.32,14586
24.324,14538
24.328,14551
24.332,14569
24.336,14577
24.34,14534
24.344,14581
24.348,14574
24.352,14610
24.356,14594
24.36,14576
24.364,14598
24.368,14597
24.372,14604
24.376,14559
24.38,14580
24.384,14623
24.388,14570
24.392,14620
24.396,14539
24.4,14602
24.404,14565
24.408,14604
24.412,14550
24.416,14599
24.42,14541
24.424,14611
24.428,14588
24.432,14568
24.436,14594
24.44,14566
24.444,14564
24.448,14564
24.452,14559
24.456,14621
24.46,14609
24.464,14549
24.468,14617
24.472,14587
24.476,14590
24.48,14596
24.484,14597
24.488,14571
24.492,14567
24.496,14573
24.5,14572
24.504,14567
24.508,14577
24.512,14541
24.516,14609
24.52,14565
24.524,14567
24.528,14581
24.532,14594
24.536,14636
24.54,14541
24.544,14550
24.548,14604
24.552,14552
24.556,14646
24.56,14610
24.564,14535
24.568,14607
24.572,14512
24.576,14615
24.58,14561
24.584,14594
24.588,14605
24.592,14577
24.596,14595
24.6,14531
24.604,14567
24.608,14610
24.612,14556
24.616,14576
24.62,14562
24.624,14554
24.628,14554
24.632,14560
24.636,14566
24.64,14551
24.644,14580
24.648,14550
24.652,14558
24.656,14576
24.66,14539
24.664,14548
24.668,14578
24.672,14558
24.676,14558
24.68,14590
24.684,14551
24.688,14539
24.692,14550
24.696,14596
24.7,14594
24.704,14552
24.708,14572
24.712,14525
24.716,14629
24.72,14531
24.724,14583
24.728,14559
24.732,14476
24.736,14566
24.74,14568
24.744,14508
24.748,14532
24.752,14545
24.756,14526
24.76,14545
24.764,14600
24.768,14583
24.772,14561
24.776,14487
24.78,14512
24.784,14542
24.788,14479
24.792,14545
24.796,14603
24.8,14558
24.804,14573
24.808,14507
24.812,14540
24.816,14542
24.82,14553
24.824,14512
24.828,14519
24.832,14511
24.836,14509
24.84,14528
24.844,14491
24.848,14575
24.852,14551
24.856,14475
24.86,14514
24.864,14525
24.868,14548
24.872,14559
24.876,14538
24.88,14532
24.884,14485
24.888,14499
24.892,14509
24.896,14548
24.9,14464
24.904,14515
24.908,14482
24.912,14517
24.916,14556
24.92,14498
24.924,14754
24.928,14432
24.932,14578
24.936,14481
24.94,14455
24.944,14565
24.948,14488
24.952,14466
24.956,14474
24.96,14462
24.964,14503
24.968,14517
24.972,14491
24.976,14497
24.98,14525
24.984,14511
24.988,14459
24.992,14468
24.996,14527
25,14494
25.004,14466
25.008,14457
25.012,14482
25.016,14468
25.02,14483
25.024,14490
25.028,14471
25.032,14476
25.036,14485
25.04,14402
25.044,14507
25.048,14448
25.052,14503
25.056,14480
25.06,14434
25.064,14447
25.068,14461
25.072,14425
25.076,14416
25.08,14443
25.084,14478
25.088,14452
25.092,14468
25.096,14513
25.1,14524
25.104,14476
25.108,14498
25.112,14460
25.116,14514
25.12,14448
25.124,14485
25.128,14466
25.132,14458
25.136,14454
25.14,14422
25.144,14422
25.148,14465
25.152,14454
25.156,14461
25.16,14453
25.164,14449
25.168,14420
25.172,14479
25.176,14440
25.18,14479
25.184,14462
25.188,14420
25.192,14489
25.196,14412
25.2,14482
25.204,14472
25.208,14419
25.212,14423
25.216,14438
25.22,14465
25.224,14476
25.228,14630
25.232,14471
25.236,14398
25.24,14459
25.244,14022
25.248,14463
25.252,14423
25.256,14402
25.26,14421
25.264,14453
25.268,14405
25.272,14458
25.276,14417
25.28,14427
25.284,14471
25.288,14432
25.292,14371
25.296,14430
25.3,14470
25.304,14449
25.308,14429
25.312,14380
25.316,14444
25.32,14428
25.324,14383
25.328,14449
25.332,14413
25.336,14439
25.34,14385
25.344,14443
25.348,14382
25.352,14416
25.356,14419
25.36,14456
25.364,14395
25.368,14432
25.372,14409
25.376,14446
25.38,14448
25.384,14446
25.388,14418
25.392,14404
25.396,14424
25.4,14410
25.404,14454
25.408,14398
25.412,14412
25.416,14433
25.42,14363
25.424,14368
25.428,14453
25.432,14375
25.436,14379
25.44,14351
25.444,14378
25.448,14392
25.452,14359
25.456,14310
25.46,14393
25.464,14402
25.468,14424
25.472,14412
25.476,14388
25.48,14385
25.484,14374
25.488,14466
25.492,14404
25.496,14363
25.5,14372
25.504,14394
25.508,14415
25.512,14404
25.516,14419
25.52,14354
25.524,14404
25.528,14381
25.532,14354
25.536,14360
25.54,14398
25.544,14377
25.548,14390
25.552,14422
25.556,14716
25.56,14388
25.564,14402
25.568,14377
25.572,14383
25.576,14349
25.58,14404
25.584,14356
25.588,14385
25.592,14391
25.596,14431
25.6,14379
25.604,14411
25.608,14445
25.612,14405
25.616,14349
25.62,14402
25.624,14351
25.628,14406
25.632,14404
25.636,14387
25.64,14348
25.644,14367
25.648,14395
25.652,14387
25.656,14431
25.66,14414
25.664,14407
25.668,14380
25.672,14327
25.676,14416
25.68,14368
25.684,14434
25.688,14420
25.692,14445
25.696,14369
25.7,14377
25.704,14388
25.708,14399
25.712,14404
25.716,14383
25.72,14396
25.724,14438
25.728,14352
25.732,14364
25.736,14446
25.74,14414
25.744,14371
25.748,14412
25.752,14381
25.756,14337
25.76,14429
25.764,14388
25.768,14389
25.772,14389
25.776,14387
25.78,14408
25.784,14347
25.788,14400
25.792,14396
25.796,14422
25.8,14458
25.804,14397
25.808,14408
25.812,14402
25.816,14394
25.82,14422
25.824,14391
25.828,14589
25.832,14411
25.836,14409
25.84,14414
25.844,14405
25.848,14426
25.852,14367
25.856,14390
25.86,14392
25.864,14441
25.868,14351
25.872,14439
25.876,14389
25.88,14381
25.884,14433
25.888,14438
25.892,14466
25.896,14446
25.9,14418
25.904,14403
25.908,14413
25.912,14401
25.916,14433
25.92,14390
25.924,14440
25.928,14383
25.932,14421
25.936,14452
25.94,14361
25.944,14483
25.948,14402
25.952,14426
25.956,14467
25.96,14434
25.964,14451
25.968,14402
25.972,14412
25.976,14411
25.98,14488
25.984,14471
25.988,14442
25.992,14462
25.996,14463
26,14420
26.004,14429
26.008,14414
26.012,14383
26.016,14422
26.02,14435
26.024,14497
26.028,14391
26.032,14458
26.036,14433
26.04,14427
26.044,14501
26.048,14384
26.052,14424
26.056,14455
26.06,14446
26.064,14427
26.068,14456
26.072,14464
26.076,14477
26.08,14476
26.084,14444
26.088,14470
26.092,14440
26.096,14427
26.1,14464
26.104,14436
26.108,14427
26.112,14432
26.116,14463
26.12,14496
26.124,14445
26.128,14460
26.132,14482
26.136,14478
26.14,14442
26.144,14516
26.148,14428
26.152,14516
26.156,14442
26.16,14467
26.164,14470
26.168,14559
26.172,14460
26.176,14494
26.18,14495
26.184,14464
26.188,14504
26.192,14503
26.196,14423
26.2,14480
26.204,14464
26.208,14508
26.212,14505
26.216,14473
26.22,14450
26.224,14513
26.228,14540
26.232,14463
26.236,14489
26.24,14465
26.244,14517
26.248,14527
26.252,14475
26.256,14515
26.26,14475
26.264,14532
26.268,14457
26.272,14500
26.276,14515
26.28,14544
26.284,14489
26.288,14486
26.292,14494
26.296,14523
26.3,14523
26.304,14520
26.308,14455
26.312,14522
26.316,14514
26.32,14506
26.324,14483
26.328,14557
26.332,14523
26.336,14501
26.34,14529
26.344,14528
26.348,14544
26.352,14513
26.356,14518
26.36,14493
26.364,14559
26.368,14494
26.372,14537
26.376,14570
26.38,14532
26.384,14536
26.388,14518
26.392,14525
26.396,14514
26.4,14494
26.404,14478
26.408,14546
26.412,14528
26.416,14566
26.42,14515
26.424,14532
26.428,14557
26.432,14561
26.436,14534
26.44,14540
26.444,14509
26.448,14586
26.452,14530
26.456,14543
26.46,14509
26.464,14524
26.468,14548
26.472,14549
26.476,14572
26.48,14572
26.484,14512
26.488,14563
26.492,14548
26.496,14540
26.5,14571
26.504,14569
26.508,14577
26.512,14570
26.516,14512
26.52,14577
26.524,14524
26.528,14584
26.532,14557
26.536,14548
26.54,14547
26.544,14612
26.548,14545
26.552,14568
26.556,14606
26.56,14582
26.564,14525
26.568,14513
26.572,14556
26.576,14634
26.58,14563
26.584,14530
26.588,14608
26.592,14608
26.596,14594
26.6,14553
26.604,14577
26.608,14591
26.612,14570
26.616,14557
26.62,14589
26.624,14566
26.628,14597
26.632,14589
26.636,14606
26.64,14588
26.644,14583
26.648,14594
26.652,14567
26.656,14556
26.66,14614
26.664,14611
26.668,14648
26.672,14639
26.676,14347
26.68,14599
26.684,14557
26.688,14582
26.692,14614
26.696,14590
26.7,14556
26.704,14572
26.708,14624
26.712,14639
26.716,14644
26.72,14560
26.724,14572
26.728,14607
26.732,14572
26.736,14635
26.74,14560
26.744,14577
26.748,14563
26.752,14541
26.756,14577
26.76,14648
26.764,14553
26.768,14597
26.772,14574
26.776,14559
26.78,14568
26.784,14541
26.788,14618
26.792,14631
26.796,14525
